Wavelength	Media	StDev
nm		
171.78303527832	2.22437501748403E-7	1.3502918490911E-7
172.356704711914	-4.11443090438843E-8	3.29209476122473E-8
172.930374145508	3.15912834803262E-8	1.60105357947002E-7
173.504043579102	6.84448424975077E-8	3.09532824279076E-7
174.077713012695	8.30540966987607E-8	1.27133264179336E-7
174.651382446289	1.09060539801916E-7	8.6746724800666E-8
175.225051879883	3.92006127039592E-8	7.48882038961219E-8
175.798706054688	1.46192719539007E-7	9.85423621563596E-8
176.372375488281	7.50290326774121E-8	1.48103204680939E-7
176.946044921875	5.41713285446166E-8	5.14955152264216E-8
177.519714355469	6.67400614420573E-8	9.25135704530809E-8
178.093383789063	7.48486042022703E-8	1.2783339351328E-7
178.667053222656	-4.37581253051758E-8	1.84071345441196E-7
179.24072265625	-1.5173085530599E-7	3.28902995849125E-7
179.814392089844	3.88143952687582E-8	1.09229262957005E-7
180.388061523438	5.64312108357747E-8	6.96821937008521E-8
180.961730957031	1.10272471904755E-7	1.13376131766532E-7
181.535400390625	-5.64962514241537E-8	1.01409898321252E-7
182.109069824219	-2.80738878250122E-7	2.35640625441408E-7
182.682739257813	2.52820100386937E-7	4.01886326116057E-7
183.256408691406	-1.07598957618078E-7	1.08088212297243E-7
183.830062866211	-1.02081584135691E-7	2.59085855330654E-7
184.403732299805	-7.78786802291872E-8	1.11436763073141E-7
184.977401733398	1.46442938645681E-7	3.22760848805117E-8
185.551071166992	2.40309444268545E-7	1.09633295175364E-7
186.124740600586	-3.63527011871337E-8	1.02268981244163E-7
186.69841003418	1.71326940854391E-7	1.46256621128714E-7
187.272079467773	1.07684288620949E-7	2.23472068978977E-7
187.845748901367	1.56872193018595E-7	1.68005773160413E-7
188.419418334961	2.68683222134908E-7	3.60771603284765E-7
188.993087768555	8.25200104713439E-8	2.30180415110675E-7
189.566757202148	-7.36558556556702E-8	1.47902230624386E-7
190.140426635742	-8.90269200007118E-8	8.45764514434561E-8
190.714096069336	4.03625567754111E-8	1.02297445259466E-7
191.287750244141	2.18176584243774E-7	1.96854337379089E-7
191.861419677734	9.24591668446858E-8	1.17265821600375E-7
192.435089111328	-3.58425124486288E-8	1.12455804767522E-7
193.008758544922	8.81184210379918E-8	1.11153914373814E-7
193.582427978516	1.7724153359731E-7	2.310745651873E-7
194.156097412109	1.00623133977254E-7	6.48241285363721E-8
194.729766845703	6.76877291997274E-8	5.6291669826394E-8
195.303436279297	2.23873716990153E-7	1.21008436472093E-7
195.877105712891	-1.63086659113566E-7	2.75198315916099E-7
196.450775146484	1.00367513497671E-7	1.24805095211086E-7
197.024444580078	7.34590784708659E-8	9.2018221440516E-8
197.598114013672	3.50787703196208E-8	5.92102792734645E-8
198.171783447266	8.34987231095634E-8	2.4771978412581E-7
198.745452880859	2.40094359715779E-8	8.11749989040569E-8
199.319107055664	5.98066202799479E-8	1.00472731441492E-7
199.892776489258	1.06930530865987E-7	1.15887840454912E-7
200.466445922852	-3.60674607753754E-8	8.4613397936642E-8
201.040115356445	4.0963130581906E-7	4.60944169876025E-7
201.613784790039	1488.06833364239	1430.98087859803
202.187454223633	646.258467580049	649.340265784873
202.761123657227	133.306006323786	1223.54119467796
203.33479309082	22.8116533281756	1477.75020232424
203.908462524414	68.0708464544333	285.566976134929
204.482131958008	-560.654660387433	461.507726750356
205.055801391602	5.53869865774804	681.713093986946
205.629470825195	156.830338442752	492.199154548311
206.203140258789	171.647612677373	228.143703255184
206.776794433594	-1.61965071408849	878.601162489403
207.350463867188	415.328790814703	159.135361298494
207.924133300781	97.4247119711125	410.327903457195
208.497802734375	264.941202971607	191.772146536723
209.071472167969	-21.5712573589518	890.845595380801
209.645141601563	-54.0648749688372	357.057362623668
210.218811035156	-183.022664534656	488.989479225374
210.79248046875	41.6727919436251	145.518556500642
211.366149902344	-108.201115177929	303.509848037196
211.939819335938	104.951084097701	121.928723182283
212.513488769531	-100.160620392335	172.438724350851
213.087158203125	-522.402377774759	756.324061632245
213.660827636719	-309.835200824664	493.654593003748
214.234497070313	-41.9248981755521	94.6612087472832
214.808151245117	52.6456179967286	44.234451049914
215.381820678711	93.2224417916495	125.978400061856
215.955490112305	4.37202492766518	209.008317589157
216.529159545898	-90.5870585392233	148.10157908353
217.102828979492	28.6401230732459	111.28940105283
217.676498413086	265.287712321872	166.611920582868
218.25016784668	116.081843166345	231.078499781896
218.823837280273	-206.884916478524	275.395182912443
219.397506713867	107.837903365703	117.407308974895
219.971176147461	-18.1851402882067	54.3512360113532
220.544845581055	-108.069019946979	253.848698748053
221.118515014648	4.9150446916079	59.3024568271139
221.692184448242	113.123670659891	79.7908695056856
222.265838623047	90.2753806882653	55.9328163331865
222.839508056641	18.82396982712	54.4277368528024
223.413177490234	68.7014353603134	75.2177650082389
223.986846923828	102.961119223024	89.3831257659068
224.560516357422	18.7307601338451	78.9884572886807
225.134185791016	26.5519260627327	138.942019358077
225.707855224609	40.7796841498282	91.0802838769491
226.281524658203	-16.7129852957224	74.2800489539613
226.855194091797	-2.62284409991737	68.8539409597503
227.428863525391	-7.65254624830648	46.0875800053045
228.002532958984	5.1042447861713	47.7397914863991
228.576202392578	51.1386784097373	60.6463098566302
229.149871826172	15.8846093958108	60.3412771835719
229.723541259766	20.0081389992276	73.1125619029823
230.29719543457	55.32163799905	96.4606406488613
230.870864868164	-60.6682708333705	61.9652559529914
231.444534301758	-67.2112512923304	18.1302813289492
232.018203735352	-6.79834516782788	28.15927527643
232.591873168945	-12.5319285995961	44.967869151808
233.165542602539	18.0586455609911	28.6206013987732
233.739212036133	-47.0474134267242	46.1289130967457
234.312881469727	-48.5726094733657	135.49824747448
234.88655090332	30.7427784974424	10.3112488867216
235.460220336914	35.1627582113415	28.5397734299374
236.033889770508	48.8802504436647	43.7945206360697
236.607559204102	52.9966731910781	56.1798672248517
237.181228637695	-28.3386255983163	15.6521026517159
237.7548828125	-24.1238994446768	28.3260561033629
238.328552246094	-33.4802349380967	16.4299058303486
238.902221679688	10.2877732278987	69.3663501900812
239.475891113281	8.71429349708252	89.109416164329
240.049560546875	7.6403301310136	40.613205190627
240.623229980469	15.3285983002718	34.6729566842327
241.196899414063	23.2084118401028	43.9228769417262
241.770568847656	33.7334570252235	17.7213598361327
242.34423828125	7.50466065450991	18.2407345578134
242.917907714844	-37.7071337570582	14.7416538398624
243.491577148438	-33.3457876791606	23.4269661759797
244.065246582031	8.23652092669315	26.274668360017
244.638916015625	2.00763357886709	10.1446318487401
245.212585449219	-11.2150206341352	21.2231273259175
245.786239624023	52.4009382160806	35.6664120084311
246.359909057617	5.95833836078863	58.9915939105588
246.933578491211	-17.8683414626591	41.2038106563726
247.507247924805	20.5436583738433	19.4063153800318
248.080917358398	-3.46145820209058	24.5068474201611
248.654586791992	12.4300173271038	28.6056101113759
249.228256225586	-9.28942684478298	21.247315789374
249.80192565918	-4.53150119097101	9.85454490558527
250.375595092773	-7.81242664812	26.3470122603235
250.949264526367	-26.4546510489849	3.31761191592931
251.522933959961	2.03194567033003	9.67506556580498
252.096603393555	-3.72300467880593	29.7268583110134
252.670272827148	-1.75390329928684	17.2598717184749
253.243927001953	-8.92629711331758	12.1758532184635
253.817596435547	-18.6181179938584	12.0644700460489
254.391265869141	-5.23186461454047	7.61120153789414
254.964935302734	-11.425427563418	32.1529789844805
255.538604736328	-32.295936949551	32.4143902087068
256.112274169922	-13.0514928269744	15.6668128990202
256.685943603516	-11.5156539649155	19.4710455437088
257.259613037109	-39.384671177819	40.9702103217648
257.833282470703	9.23594308335434	40.437987503183
258.406951904297	-10.1887391083717	19.5793298417309
258.980621337891	2.89315942044369	36.1164603856285
259.554290771484	11.8538408319843	15.3988996061834
260.127960205078	15.9830514904757	17.1817198583053
260.701629638672	-4.71558331127497	13.3951731367268
261.275299072266	2.78799299545859	9.32699780269254
261.848968505859	-20.580241363599	18.6887839717913
262.422637939453	2.37725752412661	18.1312507293005
262.996307373047	-4.58162680211668	27.5876974878781
263.569976806641	27.6914002792016	26.9198975922247
264.143646240234	5.64997444093064	8.03233178693102
264.71728515625	-2.08841609733804	9.89696682791643
265.290954589844	-6.45647654839705	8.11987008351704
265.864624023438	-0.326898508065995	18.8159380834277
266.438293457031	19.2590797867511	29.0806572897733
267.011962890625	3.18519787312261	26.6299924241698
267.585632324219	-6.08628491502994	7.90950783881898
268.159301757813	-11.8236361986664	2.65633288088409
268.732971191406	-47.921256789738	5.69309498859928
269.306640625	-35.416560395935	9.81287735521392
269.880310058594	17.4065311420219	13.0002065948211
270.453979492188	15.758087985381	19.872148535522
271.027648925781	8.60077219298973	17.4715358776781
271.601318359375	19.7713457211837	9.67962937804084
272.174987792969	19.7542746015784	17.1820114493284
272.748657226563	-3.16931103690887	17.1716518309159
273.322326660156	-3.43432099887151	16.8387127064471
273.89599609375	-15.4863459876904	6.0154752586342
274.469665527344	19.4142497694858	42.1259573823131
275.043334960938	-18.4012717378709	23.1603172862516
275.617004394531	7.78471332567542	7.57507910782016
276.190673828125	-46.4721044579018	5.60127762268954
276.764343261719	5.03012780480767	11.2250544904592
277.338012695313	-12.8044331016147	7.06272208546629
277.911682128906	-16.2292137357295	19.1798486213081
278.4853515625	-4.07069527820146	13.7217706731108
279.059020996094	-8.94079085099497	6.36033031739493
279.632690429688	-3.34137607647552	14.7941680086288
280.206329345703	5.1407270165448	11.4710445910185
280.779998779297	8.39396030299915	10.5434487350608
281.353668212891	1.62927530695083	9.22416149191005
281.927337646484	-9.52310498695201	6.33884892566118
282.501007080078	-17.9518093261475	13.6785020462867
283.074676513672	-26.7480885313045	28.8480409330508
283.648345947266	-8.70037909796677	16.4833853178659
284.222015380859	12.8715497093019	12.1243271587789
284.795684814453	1.04622833974617	8.35658196366803
285.369354248047	-15.2127787524633	22.6534215009081
285.943023681641	-34.5614071285859	39.6401383818158
286.516693115234	7.63706591328015	18.5254421279447
287.090362548828	2.32311815507602	10.8756074526364
287.664031982422	-0.564378263772358	16.5819796459365
288.237701416016	-4.40386185693445	17.8008210420959
288.811370849609	4.46515364454541	8.8347611607779
289.385040283203	-0.44442959556977	4.57856978577277
289.958709716797	13.3526504150742	15.336237586477
290.532379150391	-0.33411474761735	9.92370914582728
291.106048583984	4.95242817985232	7.73735126773473
291.679718017578	-37.1470589279353	15.9053443931871
292.253387451172	-3.75932478932488	12.2190795639228
292.827056884766	11.5466611491897	13.8280742989237
293.400726318359	2.8116041634006	2.62663704480723
293.974395751953	-4.74943322416724	10.3072571451983
294.548065185547	-15.2430344785232	13.4151927146738
295.121734619141	-18.646142658198	8.51938468111152
295.695373535156	-2.09891956027231	10.8195859524263
296.26904296875	15.0221727893195	15.2153753552455
296.842712402344	8.98599905948804	27.0023062292665
297.416381835938	-6.72633121329965	13.9222321142915
297.990051269531	-10.9157027392246	3.80715398141904
298.563720703125	-6.68388254342538	3.82383978463731
299.137390136719	-4.37634258089517	4.45858424905645
299.711059570313	-11.1003803355909	12.5451588486492
300.284729003906	-7.35469611123209	12.7963400710022
300.8583984375	-3.68035262687947	8.13110275951796
301.432067871094	-4.77493700495641	15.7010502926351
302.005737304688	12.4852316009124	7.26713907264013
302.579406738281	13.6761234553712	22.9358399461503
303.153076171875	-0.287352509053407	4.83580821035705
303.726745605469	-13.4622867882517	9.94733292237528
304.300415039063	-14.9979770425942	5.06967597403125
304.874084472656	15.4211552458134	20.6396658707939
305.44775390625	-18.5639069185947	18.6492442493038
306.021423339844	-13.5873116193572	11.6834544984799
306.595092773438	17.243178292224	18.9249290879782
307.168762207031	7.27999545961161	21.1109331442443
307.742431640625	-0.77621216259092	6.53403280197106
308.316101074219	-17.4543183178053	25.2884722901732
308.889770507813	-3.12355021651552	7.35929606232853
309.463439941406	3.58148927426005	7.21837347048259
310.037109375	-0.799293814325996	12.5888301933728
310.610778808594	-5.08417632293412	5.97188512831211
311.184417724609	-10.7654194631963	3.85708356678167
311.758087158203	-3.36157606032331	3.14450053647857
312.331756591797	5.89537943543253	5.84601757003352
312.905426025391	4.30895567952248	7.89977509096706
313.479095458984	-0.339590157387896	13.8511824627788
314.052764892578	0.379761092246063	11.5312141469605
314.626434326172	8.56712966575242	9.88069119615827
315.200103759766	9.37584860506337	10.8805148738317
315.773773193359	-6.60069540434491	8.16090207859834
316.347442626953	-8.25580990554757	10.8511615677453
316.921112060547	6.31532058026384	6.35401083282632
317.494781494141	-2.45206493028211	8.50318063048476
318.068450927734	-7.96789126826374	3.48550742938477
318.642120361328	-12.4435523093347	11.3677566049549
319.215789794922	6.08014700932748	6.10450305048063
319.789459228516	18.9219914724335	9.30810946468891
320.363128662109	-5.21394333136197	7.1640114205595
320.936798095703	7.06313970538768	19.8873903841958
321.510467529297	-11.2930488612282	12.0504970414607
322.084136962891	-37.0796006483321	25.9338082427777
322.657806396484	-5.63905347767168	3.76685345541791
323.231475830078	10.2440455569737	17.481539599725
323.805145263672	-3.05128830392911	13.9249335302432
324.378814697266	4.126357482867	4.71736442282296
324.952484130859	-10.1286677361676	5.90207348879733
325.526153564453	3.68278043797334	6.40773981555004
326.099822998047	8.86455908824757	1.00554369243456
326.673461914063	-1.12220729017894	7.93303726083645
327.247131347656	-1.46787615194786	3.42323995556911
327.82080078125	-0.896150489600095	7.87452500000829
328.394470214844	1.87968061426565	3.0513489922503
328.968139648438	11.2742077259725	6.26465039954435
329.541809082031	14.1923817456023	6.92680088094905
330.115478515625	8.81123666305442	7.93982159322799
330.689147949219	6.34668308791994	8.26586446123532
331.262817382813	6.81098586048676	3.40252170583468
331.836486816406	5.73768967405421	6.218029651156
332.41015625	11.172390868069	4.40074174217077
332.983825683594	17.0896877384586	6.07437363435856
333.557495117188	17.9331719735405	5.47631201514518
334.131164550781	13.290335675134	6.46925320964198
334.704833984375	6.68589226669578	7.54240209784167
335.278503417969	20.6099573002465	4.10970198631698
335.852172851563	8.55237799907403	6.75756048750527
336.425842285156	22.9358617267896	11.2147138343705
336.99951171875	12.3914987236608	3.00722322054389
337.573181152344	17.3865911712669	23.8152753054359
338.146850585938	15.009679762252	6.31067397222126
338.720520019531	20.1056339237472	4.96279630136797
339.294189453125	17.2691396286176	9.48225525664965
339.867858886719	18.450722064415	9.2715865855802
340.441528320313	19.8154751435962	6.91217940535819
341.015197753906	28.3152047189865	6.40518815093686
341.5888671875	21.2610222647103	10.4011699020966
342.162506103516	18.0325392365682	11.5611139620755
342.736175537109	25.1550034336852	4.70428066729753
343.309844970703	20.0041595731134	17.4956340609767
343.883514404297	21.3757212125288	17.0377704964438
344.457183837891	24.6628157060821	10.3630349846753
345.030853271484	23.2225783294691	4.36111728454395
345.604522705078	17.6924815562714	6.3441055349315
346.178192138672	18.335945411247	10.1018336605311
346.751861572266	30.6970360799554	5.45757396575573
347.325531005859	32.7585615110795	9.08741303371648
347.899200439453	26.0540800932977	10.0572061037686
348.472869873047	27.8671112414813	7.07410320092498
349.046539306641	27.8699817266988	9.26721239367099
349.620208740234	22.1220136822613	16.2054820678541
350.193878173828	28.5078205330511	5.21689781764101
350.767547607422	28.1522491657448	11.2432169376694
351.341217041016	30.2212753335893	11.6577716523015
351.914886474609	31.895224980932	8.86061628437917
352.488555908203	31.3661127931025	6.26328860233746
353.062225341797	26.96404813528	12.5618217599358
353.635894775391	27.648670807726	5.50963790661342
354.209564208984	31.7873744681938	7.93931623300091
354.783233642578	23.9419451600651	6.84440955594779
355.356903076172	33.4418622674406	10.2288732584812
355.930572509766	36.3143775195236	7.16091144422599
356.504241943359	34.8053155600486	8.51308050758805
357.077911376953	30.6766744043255	5.80343185885396
357.651550292969	28.2718654045341	12.6341205222613
358.225219726563	24.1001821854526	15.8122947635408
358.798889160156	30.0526134519858	9.12452710711901
359.37255859375	34.8269827559364	4.4027319108683
359.946228027344	30.5463710498047	10.7557072675444
360.519897460938	29.2346656688225	8.60916950420762
361.093566894531	36.709118590531	2.31289233138347
361.667236328125	37.8876940702759	4.13514237167675
362.240905761719	35.398885615025	6.54355925232312
362.814575195313	35.4400196786878	5.2299368282393
363.388244628906	34.7416326726016	5.71497432924117
363.9619140625	36.599516784874	9.60507894249116
364.535583496094	35.6552299992824	11.3707986228279
365.109252929688	28.5771854782664	13.8619012118526
365.682922363281	28.1894964541558	14.4050337474624
366.256591796875	35.5554808790818	11.8560147011289
366.830261230469	36.610866529616	10.2357375667576
367.403930664063	31.7062397748417	12.0679573900875
367.977600097656	34.6522996124274	9.35280606485819
368.55126953125	42.5915737937361	11.0510545390078
369.124938964844	41.1623080061517	4.66881649762444
369.698608398438	39.4841784516013	5.13065454073454
370.272277832031	35.4444919969653	6.52369629251454
370.845947265625	29.1593186479116	13.3300514379989
371.419616699219	35.0063893193162	9.46302577802027
371.993286132813	39.391949855983	8.19167987114743
372.566955566406	42.7414001070496	11.9440275143886
373.140594482422	37.8614533851312	9.71444071802546
373.714263916016	37.4229061163053	14.229505495155
374.287933349609	32.5866975634073	7.59365267608823
374.861602783203	40.3326595594266	7.63025584419146
375.435272216797	41.6283440096834	10.4945312338868
376.008941650391	36.0894091325545	12.7763708546155
376.582611083984	38.1154680855459	10.5219579947171
377.156280517578	40.3048741459993	9.18180428660878
377.729949951172	43.495151543533	9.83535093186621
378.303619384766	43.1179827077823	10.6522290263604
378.877288818359	42.6820177120516	11.0334402051992
379.450958251953	38.1264213848866	14.7790625628699
380.024627685547	39.0849435127446	13.2276376478227
380.598297119141	42.1039188881159	14.0402366659912
381.171966552734	43.151100678646	15.2634825108947
381.745635986328	44.7611431804384	11.3752307831692
382.319305419922	43.1809245227566	10.1663390294943
382.892974853516	43.0066067838741	10.0914204167866
383.466644287109	43.633684959112	13.2056653005722
384.040313720703	46.3954639438145	10.6440565602623
384.613983154297	43.2820127832756	8.17148095767388
385.187652587891	44.2884476750218	9.62015427634682
385.761322021484	42.1236907274718	14.652686188902
386.334991455078	43.3393672299815	9.407852866294
386.908660888672	40.7284243666558	11.2575726171871
387.482330322266	41.5012890617795	7.59009324310335
388.055999755859	41.9505752080669	8.14065267538025
388.629638671875	40.4663636264448	13.0544239796261
389.203308105469	43.1785036682312	8.96909738238192
389.776977539063	45.3894744860453	11.6728964211977
390.350646972656	40.9677231061483	12.3941376321304
390.92431640625	46.67381733357	10.3060449305412
391.497985839844	47.3868426170924	11.0491815810832
392.071655273438	46.0436018304924	13.5047777211902
392.645324707031	48.6217388432261	11.5568177676691
393.218994140625	53.4165275166737	12.4750324695448
393.792663574219	47.7315318636394	12.3212594059047
394.366333007813	43.0861260144405	16.1911512955354
394.940002441406	47.3049844897684	12.527932584983
395.513671875	49.4026739254119	11.8491400571915
396.087341308594	50.8834440591792	10.9970706955304
396.661010742188	53.0565719806406	11.7506131120069
397.234680175781	51.7376400077934	13.0694048101964
397.808349609375	52.4637254731837	13.9301884843493
398.382019042969	50.418417044067	13.4044629809487
398.955688476563	50.7205354811087	11.4965023016258
399.529357910156	53.1104981601825	10.894822532512
400.10302734375	51.132147459931	11.1530212059369
400.676696777344	47.4732842020996	8.96365135761109
401.250366210938	46.3114283879359	8.22569934929001
401.824035644531	48.2627780527004	11.9301931987281
402.397705078125	49.8035631268873	11.7853619381868
402.971374511719	49.8606247690954	10.9400688626923
403.545043945313	49.5091062696936	12.448312557963
404.118682861328	48.4285965908116	13.2041744101091
404.692352294922	46.4791895188661	11.0306528863468
405.266021728516	50.4158447461018	13.7202092509574
405.839691162109	49.9334926009663	13.3801033569516
406.413360595703	51.1668324936875	14.0765653054694
406.987030029297	50.7406629836365	13.5687098158301
407.560699462891	51.560036827031	14.9992806742189
408.134368896484	54.8679486027246	11.5627941080495
408.708038330078	56.0844265683153	9.4500349601034
409.281707763672	53.2911978078168	13.5260386864351
409.855377197266	52.3703567272225	12.4398536970797
410.429046630859	51.7474105369969	12.0714874512245
411.002716064453	55.4642091117036	12.5208378190107
411.576385498047	55.2835233480881	12.1628773490347
412.150054931641	53.9081434745487	20.4226201448025
412.723724365234	55.9982603709297	13.6263886756536
413.297393798828	57.7344043745872	11.4272147774847
413.871063232422	56.79110312689	13.9350230394951
414.444732666016	55.8483359231978	14.1733599169604
415.018402099609	56.1449124502759	13.8412774186534
415.592071533203	54.9410525820302	15.5162621067587
416.165740966797	54.6815037532191	15.3809396146057
416.739410400391	54.1374980007937	16.7132309622453
417.313079833984	56.553652737315	15.9977053363999
417.886749267578	59.0871767065141	14.1595247771445
418.460418701172	57.7501035263281	15.6157853942495
419.034088134766	59.3079103207437	16.2703962611609
419.607727050781	61.1355365425331	15.6740771947221
420.181396484375	60.5004080207192	15.4877252632357
420.755065917969	58.9538944341051	13.9582407464087
421.328735351563	56.642587354863	15.8162276037617
421.902404785156	56.8697788162392	17.1389101250401
422.47607421875	58.2045551690215	12.7856793350822
423.049743652344	59.654140365762	12.9750763300246
423.623413085938	61.5651283579793	14.8908901479751
424.197082519531	60.1669502584332	15.693374179741
424.770751953125	56.8532170812777	18.3570734587053
425.344421386719	58.2299652247288	17.0788967564475
425.918090820313	60.316896789091	14.4595897190701
426.491760253906	61.0453904917709	15.5152591348489
427.0654296875	63.0957910938207	12.5351382473095
427.639099121094	62.2356678993148	13.2996753354793
428.212768554688	61.8118224024804	13.8037735646678
428.786437988281	61.4783947340011	14.1254096299855
429.360107421875	62.1488436624385	15.5585117105829
429.933776855469	62.2596590817873	16.0477398432678
430.507446289063	58.7113310443333	14.4451030441813
431.081115722656	64.5774567623903	13.6716332121714
431.65478515625	64.1096019127853	13.6507593710475
432.228454589844	61.4031314194648	16.7986687405627
432.802124023438	64.7242520595742	13.3321739675346
433.375793457031	62.3297595601052	14.6273829298454
433.949462890625	64.8012504063535	15.7378996881291
434.523132324219	63.8715694311499	15.4739934952868
435.096771240234	66.7334600393578	15.8168435070858
435.670440673828	69.1839072689693	12.0352662026365
436.244110107422	67.8181317117439	12.2753921220251
436.817779541016	67.3314145308683	14.9570684178737
437.391448974609	71.7637968372446	14.020642159156
437.965118408203	73.4064918804125	15.5891410507453
438.538787841797	70.9099031961333	14.96436751386
439.112457275391	67.0540226553837	12.1844862204448
439.686126708984	66.7049027934164	12.1440013029292
440.259796142578	70.3768296989982	13.0799216485157
440.833465576172	69.6595041508858	14.1495111102498
441.407135009766	68.7038536938153	14.4004278475767
441.980804443359	69.4937100081082	13.4804930743371
442.554473876953	70.7560824617846	12.6169376691603
443.128143310547	71.624605257747	13.9426609706276
443.701812744141	70.6168671623899	17.1856356385588
444.275482177734	69.6635345905103	15.7390930377556
444.849151611328	68.0028944548235	13.3599584242121
445.422821044922	70.4711491926923	13.4490675288894
445.996490478516	72.3341634070561	15.881814310722
446.570159912109	72.2708388849112	15.6395507284996
447.143829345703	72.7080009699636	12.883573922697
447.717498779297	73.6369810657208	16.31502151292
448.291168212891	73.3379708838635	16.6376472658421
448.864837646484	82.3104493743355	16.9929982331694
449.438507080078	93.519270288736	18.3127510229528
450.012176513672	89.0338160129187	22.2414324444799
450.585815429688	80.7086745430877	18.6802274495213
451.159484863281	83.1091462700877	17.3628432446745
451.733154296875	87.7149263753594	16.0601972457454
452.306823730469	83.2457365725043	18.8791734460791
452.880493164063	74.270442414334	18.3021506913113
453.454162597656	78.3476526468781	18.3638302298456
454.02783203125	78.6236782615495	17.8633790615853
454.601501464844	72.243476352387	15.0936845898817
455.175170898438	76.0685468493212	17.5066988044139
455.748840332031	81.9817492950254	16.5723881963867
456.322509765625	82.3915411706872	16.1031787867502
456.896179199219	83.9076607593189	19.5287237662699
457.469848632813	83.5829527074619	20.288689448238
458.043518066406	86.3829193571934	18.0006430997446
458.6171875	85.6299297383188	16.787508408675
459.190856933594	85.5548988784286	17.706060407031
459.764526367188	86.3214923461418	19.4860445535028
460.338195800781	84.5920168734883	23.6428705871059
460.911865234375	90.9125405906587	21.6062572124645
461.485534667969	100.181579215337	19.3945042700857
462.059204101563	103.506746138789	20.0652974959471
462.632873535156	104.765483427164	20.6072102229091
463.20654296875	103.327370671792	19.3987205894457
463.780212402344	98.3554637064946	21.4566819284264
464.353881835938	94.5990611835856	21.1902064418888
464.927551269531	94.9737294282619	19.6973402936189
465.501220703125	98.6832490041633	19.599388925937
466.074859619141	107.245811264953	22.2032976326033
466.648529052734	122.28454646801	23.6449762369013
467.222198486328	132.283741239519	22.3898586732401
467.795867919922	128.666736250575	25.5712754558183
468.369537353516	120.458799053766	25.8205834869835
468.943206787109	112.935494362612	20.8836619610684
469.516876220703	106.392369359015	20.0451813367853
470.090545654297	101.757860815037	20.5766045592096
470.664215087891	97.9472916426516	19.4026631356147
471.237884521484	94.9691084457748	18.5903421812167
471.811553955078	95.8331685848917	19.9099244438346
472.385223388672	106.458977417037	20.1425783570596
472.958892822266	115.454584599248	21.4731666981539
473.532562255859	104.486622472556	22.5727416528396
474.106231689453	90.4644717596228	20.9596768870663
474.679901123047	85.6185403029752	20.7475772346786
475.253570556641	85.5316920259148	18.7113431746659
475.827239990234	82.5857377606294	19.9732888553191
476.400909423828	83.6587991735398	18.0215824920806
476.974578857422	83.1737470401061	15.2527146541176
477.548248291016	84.5250082605302	16.7654208169309
478.121917724609	85.4419108693477	15.6346342531445
478.695587158203	85.302528091966	18.5945250124661
479.269256591797	86.6966800623644	14.8538087666049
479.842926025391	92.3075372556943	18.3741296155645
480.416595458984	98.655673120914	18.1540415861757
480.990234375	99.5895701524343	19.8373077666682
481.563903808594	98.3192348227266	18.9361466725324
482.137573242188	97.4107495096702	19.6618093618993
482.711242675781	96.0015535374513	17.5796280611956
483.284912109375	92.3660086579439	19.22932355554
483.858581542969	86.9261715904853	22.7269240359386
484.432250976563	89.4976168889545	17.8436440324223
485.005920410156	87.5035348113566	18.3139397405338
485.57958984375	85.5636185354162	17.7997773224159
486.153259277344	82.7342788292368	15.7912530908908
486.726928710938	81.0985714738004	19.1257862343588
487.300598144531	83.1471191617772	18.6995846529113
487.874267578125	85.6882615297582	16.7993276252303
488.447937011719	85.2745015974932	16.9053249661408
489.021606445313	87.6953278281389	16.3757855797213
489.595275878906	85.7776952022164	19.0591926590393
490.1689453125	87.6224374032972	18.8659353799676
490.742614746094	97.1584646028293	18.0496465541841
491.316284179688	102.228600069658	20.2774049030622
491.889953613281	100.915504553282	23.7480282865829
492.463623046875	97.7150939929471	24.1088341142432
493.037292480469	93.7933037656642	18.7871273109224
493.610961914063	90.6035898840557	17.1481689426208
494.184631347656	88.4317935261529	19.6623694862358
494.75830078125	85.2911817824878	20.077512650178
495.331970214844	82.2688512838173	18.8941676957437
495.905639648438	82.0052417678882	17.9242530922445
496.479278564453	83.0461021049472	17.2765696188409
497.052947998047	85.0498526465632	14.6350356590984
497.626617431641	85.5309257920694	15.0361681498857
498.200286865234	81.8195689254075	16.9256391352616
498.773956298828	81.8882053767999	16.6597412173244
499.347625732422	81.6850202242147	17.0649432861728
499.921295166016	81.0869063762156	18.1840992191739
500.494964599609	82.6291475254459	14.94708145946
501.068634033203	83.6732671182791	15.6130846053197
501.642303466797	83.0228579109831	13.7336513865937
502.215972900391	84.0940639497791	19.0633549827107
502.789642333984	83.4413851962905	18.074014599005
503.363311767578	86.7979707329089	16.7117245418025
503.936981201172	86.7995675047306	17.9283551906508
504.510650634766	84.0743212221394	16.6321407885026
505.084320068359	84.6100273061021	13.9502139985792
505.657989501953	88.2046628610928	16.8595635753654
506.231658935547	86.2892822094628	15.2422551991486
506.805328369141	88.8141324221785	17.5699839942066
507.378997802734	83.8626546535713	16.5811974845062
507.952667236328	86.5654141395745	13.6538526345802
508.526336669922	82.9859895173457	23.2467982297249
509.100006103516	83.4033596967084	18.5153735308921
509.673675537109	85.0430966283566	19.9600608894502
510.247344970703	84.8736127302174	16.3296398079361
510.821014404297	87.2699443965454	16.8247556710106
511.394683837891	86.5401311571569	19.083036507114
511.968322753906	86.2352679241423	18.5906448508793
512.5419921875	87.6900196951923	16.8992499164775
513.115661621094	89.3169580862657	15.0503946603487
513.689331054688	88.7092941028301	15.7597938473623
514.263000488281	87.3667154892359	17.6019868099138
514.836669921875	87.3953889148925	17.8970475269072
515.410339355469	85.4221384141728	17.4096892066216
515.984008789063	86.5781613760943	16.2322029487311
516.557678222656	87.4916441820432	15.1397087901471
517.13134765625	87.1337886713569	16.3518111890368
517.705017089844	89.4554673480234	19.3159530368917
518.278686523438	88.2780972583926	18.5048785045358
518.852355957031	88.5338877022633	18.9434665690453
519.426025390625	88.5247496665748	17.8323581185823
519.999694824219	90.057635191515	16.4128600578901
520.573364257813	91.8314195651996	17.1373558488103
521.147033691406	91.3467256768276	18.7576822049414
521.720703125	91.9961294447403	18.3778144642156
522.294372558594	92.0522900014995	18.9340794701537
522.868041992188	91.6518035175684	20.2155564523853
523.441711425781	91.2205220344311	19.8550808846465
524.015380859375	92.3593912632398	18.0773671916013
524.589050292969	93.4068488460492	17.7161198711465
525.162719726563	91.7868506593412	17.4778756351338
525.736389160156	91.6901167328749	17.4542463577595
526.31005859375	91.9638275662923	18.8889868206879
526.883728027344	89.993405185465	19.3961690552661
527.457397460938	89.8545353044843	19.3781927102247
528.031066894531	92.5038455157231	15.7150871622557
528.604736328125	90.8713016360692	18.7375625960437
529.178405761719	89.073875539102	21.53100771452
529.752075195313	91.7123482685736	16.7821975684688
530.325744628906	90.5953734193595	15.8999669921799
530.8994140625	93.4361434339968	20.1852236490584
531.473083496094	92.452171369691	22.5116241220694
532.046752929688	92.7364447396134	21.8366693412014
532.620422363281	95.1024418942543	18.2900676810021
533.194091796875	95.3738158823098	18.9054445995466
533.767761230469	91.8350766422258	20.6910552467198
534.341430664063	93.56068678973	20.6134100200446
534.915100097656	92.6383056013429	19.3860956777991
535.488708496094	94.2974186829751	19.1353855608431
536.062377929688	90.3844712691134	17.5748760621223
536.636047363281	93.0982116074846	20.5018837240273
537.209716796875	90.4081636734997	17.4680077426
537.783386230469	87.6386891156004	19.906850087257
538.357055664063	93.4912690900521	17.589000372728
538.930725097656	89.8040497064755	19.7502575400544
539.50439453125	93.2099400799652	18.4563751505944
540.078063964844	94.0940015236794	23.0149682076625
540.651733398438	95.6893623290776	19.9134028210513
541.225402832031	98.1097245746961	17.8968797981809
541.799072265625	97.3782079492772	16.7127236530323
542.372741699219	95.3976731018957	18.7394151944099
542.946411132813	99.1950558227023	16.4226260051781
543.520080566406	96.5473080196949	19.5809855226219
544.09375	95.2056226433769	20.9941394149075
544.667419433594	93.6244304173795	17.2302884352518
545.241088867188	98.9192414678752	16.2243344353815
545.814758300781	92.9022006756171	21.6285003582497
546.388427734375	92.8846880758077	18.4659946935241
546.962097167969	94.6117503772644	20.0083236526425
547.535766601563	95.273968721709	15.8929121987929
548.109436035156	94.782432439194	17.6116754273378
548.68310546875	94.7023333365574	16.0535930800318
549.256774902344	93.7548834974762	18.0940887766433
549.830444335938	93.7585495555623	19.4634254929043
550.404113769531	94.0851135686445	20.0420625247624
550.977783203125	97.4107064588633	20.942979448319
551.551452636719	98.7810643624088	20.0046463726458
552.125122070313	98.3507235750524	18.9813425878775
552.698791503906	96.5834677121271	18.9551911942673
553.2724609375	101.184420219566	20.524322756767
553.846130371094	97.3476049014321	21.1016410065893
554.419799804688	98.4062640817445	19.4294916582938
554.993469238281	100.48620955608	16.2522682034943
555.567138671875	98.2318624331171	16.9994233236842
556.140808105469	94.3897488182132	19.7375813703437
556.714477539063	95.4328946965863	18.7443892643248
557.288146972656	97.6462639361491	19.0035999319938
557.86181640625	94.5549793953814	19.32789003679
558.435485839844	92.4267742591168	17.5326841967594
559.009155273438	91.2700854007427	18.0668031641994
559.582824707031	91.1058576620542	15.5872454799444
560.156494140625	88.1146831672579	16.0168683432353
560.730163574219	87.9811888622945	17.0651668003264
561.303833007813	91.5593588906343	17.236553702359
561.877502441406	92.9826607536962	16.6840448531471
562.451171875	93.4497171795557	17.8767543724142
563.024841308594	94.4609544368939	17.8015176063646
563.598510742188	95.8122467825042	16.8776448055143
564.172180175781	95.1003232173173	17.8109411014625
564.745849609375	95.0341333295755	16.5394650915351
565.319519042969	96.6674989394376	17.0137008065084
565.893188476563	96.7913661163701	17.4775024469191
566.466796875	97.178278914138	17.0170638716336
567.040466308594	96.1652558985622	17.3657582794182
567.614135742188	94.9764277548811	17.0395738576233
568.187805175781	95.890027578415	16.5560346983015
568.761474609375	96.862309171522	16.7525419838087
569.335144042969	96.6717876257271	18.6037293888138
569.908813476563	95.7271759182098	19.6508072481309
570.482482910156	95.8202457334406	21.3662849911358
571.05615234375	96.5401885770103	22.0818508608997
571.629821777344	95.7304669645631	18.1900674010784
572.203491210938	93.7790898238759	18.578210077202
572.777160644531	93.7198632359456	18.0278763040276
573.350830078125	93.91936473496	19.6505991979953
573.924499511719	94.5518180535734	19.3578101464403
574.498168945313	95.1915332095806	16.4802613214559
575.071838378906	97.2444656818224	17.5644611596976
575.6455078125	95.7816160876256	18.2461155534454
576.219177246094	95.8530270181215	17.7332008133979
576.792846679688	90.8311279140145	21.8228286345393
577.366516113281	98.9985676866768	15.5472992294191
577.940185546875	97.8833359212032	16.2575899067397
578.513854980469	97.5218026593506	20.3690786878336
579.087524414063	95.5763158324067	20.3134075936412
579.661193847656	98.0986929163981	17.1696336531696
580.23486328125	94.7326637214456	19.5054851780165
580.808532714844	96.0221813297308	18.4937004965655
581.382202148438	97.0005450111567	17.64816464404
581.955871582031	98.1233729415596	16.329698336366
582.529541015625	88.9532582021062	21.5843838968462
583.103210449219	95.4051297414666	19.3637459263128
583.676879882813	94.7385323330736	18.8050778706571
584.250549316406	94.329981245938	22.7217276893919
584.82421875	93.2082892562147	16.6819164608169
585.397888183594	94.594517198149	20.8530083625818
585.971557617188	93.1577935912627	16.6294213165376
586.545227050781	96.2914238237209	22.0108772325977
587.118896484375	101.052986254289	17.432226507901
587.692565917969	101.318330738022	18.04771076111
588.266235351563	98.0287548098914	19.9058565225739
588.839904785156	105.075476950984	16.9558188382185
589.41357421875	99.2138906201805	17.580584886517
589.987243652344	102.999993877106	22.3246773017029
590.560913085938	100.063430573239	16.4897046866164
591.134582519531	100.310536963967	18.683712280248
591.708251953125	92.7549359301043	24.6551668833927
592.281921386719	94.815589137142	18.4567807015636
592.855590820313	91.7401479510729	19.5245209668164
593.429260253906	91.9416193635792	19.0883655933681
594.0029296875	88.701562783675	15.9793090494122
594.576599121094	89.3170418617879	16.2106260513348
595.150268554688	91.5410306508099	15.8957161496154
595.723937988281	90.6219933753761	14.7243744339674
596.297607421875	95.100847104149	18.2624345721734
596.871276855469	91.0183057169755	21.0867829086689
597.444885253906	95.4220265446885	17.5994618919528
598.0185546875	98.7410136513888	17.8244003665917
598.592224121094	99.9332943433165	19.5555180804506
599.165893554688	94.0117095869139	19.6521539452087
599.739562988281	92.7233520946614	17.4352527595769
600.313232421875	94.3164656707305	21.8984783788019
600.886901855469	94.7226486287508	19.6529007308148
601.460571289063	94.9791615626614	18.2788419808731
602.034240722656	93.5385955833489	16.2839564788789
602.60791015625	92.011003014476	16.2411485678483
603.181579589844	91.8541971414149	18.5111210294952
603.755249023438	91.0636480684061	16.7943728787976
604.328918457031	91.7923243844754	18.2800974445354
604.902587890625	93.6529943376574	13.971343624672
605.476257324219	90.5955597755631	16.9168642621945
606.049926757813	94.3024444690652	18.5639456259454
606.623596191406	94.2833356865306	19.0476857786426
607.197265625	93.795479813796	18.4756351389842
607.770935058594	94.5363306017531	15.6188710414068
608.344604492188	98.7391307433936	17.1998009347925
608.918273925781	99.8778800016378	17.7385148018487
609.491943359375	99.5908044886335	16.7442031359021
610.065612792969	97.8416549691852	15.9532685895559
610.639282226563	98.9166451188333	18.601569218924
611.212951660156	101.893766116194	11.5834603444853
611.78662109375	100.833061761521	13.1686032604462
612.360290527344	91.6241911271552	17.0843868184997
612.933959960938	93.1924657936859	18.3265257798908
613.507629394531	93.1681234298984	17.2000035095534
614.081298828125	94.0107166000666	13.948942389411
614.654968261719	96.6314883933765	17.3013981790627
615.228637695313	97.2254225534915	18.9076916627367
615.802307128906	98.7291427720672	16.2624040902264
616.3759765625	96.5981291931436	13.6917486466539
616.949645996094	98.2862402986104	15.8406574842943
617.523315429688	97.120409270891	17.6748939768663
618.096984863281	95.6615253391602	22.3340711737723
618.670654296875	101.568129219541	22.0190181721514
619.244323730469	105.062346768941	13.2953104683298
619.817993164063	101.663786626669	13.1701440954836
620.391662597656	99.3485975992549	17.782512453469
620.96533203125	97.1104550899929	18.711302229502
621.539001464844	97.3722451278931	16.3097284469539
622.112670898438	99.2230514054597	18.012452129225
622.686340332031	99.0931848605655	16.5869510263336
623.260009765625	97.7653941657275	15.2884477251931
623.833679199219	96.8152867473822	15.4206893319766
624.407348632813	95.5287266488404	20.4681880944747
624.981018066406	97.5894218501882	21.8461537224466
625.5546875	99.36946024563	17.6415222260942
626.128356933594	96.1161738568518	14.8375271393501
626.702026367188	95.7625334868504	14.633594081911
627.275695800781	99.2341384248086	15.2879957348191
627.849304199219	99.5909746264031	16.2616904680776
628.422973632813	96.5700077078694	17.7301619901741
628.996643066406	98.6174863490351	17.7992420467243
629.5703125	98.3399738729608	21.8065764343425
630.143981933594	96.6658000174028	24.1730759527947
630.717651367188	96.3302025045483	18.61121530958
631.291320800781	95.7902750281958	14.0981566501985
631.864990234375	94.9757491030164	17.8565392538215
632.438659667969	94.0441373756801	18.6196220029393
633.012329101563	98.8456439062206	15.8858463892427
633.585998535156	96.3780239522296	18.3415354662965
634.15966796875	97.4447021486646	19.3799414466888
634.733337402344	97.7963231586638	17.4812525788118
635.307006835938	96.4904604878778	18.1801732664437
635.880676269531	94.3631442895745	21.1986662376722
636.454345703125	91.007181942312	23.3347092427175
637.028015136719	91.86583412533	20.8695849542224
637.601684570313	96.6224602529741	18.7736228293072
638.175354003906	95.5836639739672	16.8270743444842
638.7490234375	92.4049464899326	17.5778825125906
639.322692871094	94.1194104116366	19.9679948039393
639.896362304688	92.7772006755169	17.5197158549337
640.470031738281	87.0809415035036	19.1973606258148
641.043701171875	87.7757502654086	15.4757936116437
641.617370605469	91.7082944250886	14.9132393751619
642.191040039063	91.1859180523419	14.7872273684915
642.764709472656	94.9495168809456	13.0370991507384
643.33837890625	94.012983060068	19.5211444314152
643.912048339844	89.8450191294572	17.6958054482682
644.485717773438	92.9280419902765	16.4619420947984
645.059387207031	95.7722886097727	15.588211564444
645.633056640625	97.3355116825576	19.9032375516561
646.206726074219	100.796958780663	19.7684270324738
646.780395507813	99.2577477599153	19.7986500377758
647.354064941406	101.85790271151	18.5258976657898
647.927734375	105.466150009939	17.888814049626
648.501403808594	101.634073336254	20.5598593668485
649.075073242188	99.4170029410306	23.3927175961187
649.648742675781	99.4114151976943	19.7769436359926
650.222412109375	102.685417752926	16.1352582667414
650.796081542969	101.232532944172	13.9680931400207
651.369750976563	98.4276949083882	18.7059806953383
651.943420410156	95.3837463894571	19.490967418201
652.51708984375	94.6644002396871	20.6400379678785
653.090759277344	93.5373868666756	18.0866096793581
653.664428710938	91.3815553710555	16.5305550851962
654.238098144531	90.1157290181232	19.5203481665283
654.811767578125	88.5534606795712	24.6710536282129
655.385437011719	79.9973890200247	28.3105468447476
655.959106445313	86.0665541768871	24.4359560906469
656.532775878906	85.2407465425623	22.7378336044381
657.1064453125	93.1151348529708	15.3047489605782
657.680114746094	95.1488747607648	14.6962235428199
658.253784179688	92.149138631004	13.656013648034
658.827392578125	86.511054853404	11.1166202378124
659.401062011719	92.3950477670205	8.0274831280374
659.974731445313	92.632611475325	13.4491489609369
660.548400878906	96.5549082532397	10.912053085351
661.1220703125	93.2072281235489	15.3003799744802
661.695739746094	90.4285190214457	17.5475838002932
662.269409179688	87.3552278261676	16.1747198870476
662.843078613281	87.7769615616981	16.2995883769335
663.416748046875	85.2123973635429	11.2598955434207
663.990417480469	87.3500172769576	13.5973963082116
664.564086914063	85.8205488500376	11.6417368940915
665.137756347656	91.0260998073284	17.7967537199704
665.71142578125	94.398445388072	18.820054031983
666.285095214844	95.2629158121532	18.369489960982
666.858764648438	104.139796058266	11.7552797172301
667.432434082031	102.772526472492	14.6261501733909
668.006103515625	104.002314505554	15.0979244410479
668.579772949219	105.680164911513	14.2872357601004
669.153442382813	100.851207370228	17.2147797491795
669.727111816406	97.3474079338786	16.4040724602906
670.30078125	98.4161585002325	17.065815806474
670.874450683594	98.7898915811197	24.3552067838918
671.448120117188	96.5316388338212	17.6494063796093
672.021789550781	90.3330583595076	17.3132085887489
672.595458984375	90.633506013181	21.4408034399693
673.169128417969	83.2391555878794	20.4684622816028
673.742797851563	83.6191499348067	17.4677964244028
674.316467285156	90.4046298443566	20.040914396899
674.89013671875	90.6674212491698	18.3286140076565
675.463806152344	93.5315038622774	19.544402673051
676.037475585938	94.1642898643028	14.7024269273001
676.611145019531	91.1598467433536	12.990420994531
677.184814453125	96.0334645545214	17.5578065252436
677.758483886719	96.4490213577963	20.8713229048983
678.332153320313	100.722448928424	18.6534163141699
678.905822753906	104.433783465856	12.1795648146326
679.4794921875	98.7309077732799	13.4480300056214
680.053161621094	94.8303347470111	21.2239990818821
680.626831054688	98.9359478928985	20.628472226414
681.200500488281	101.35709824813	19.7860141353451
681.774169921875	107.998215782568	16.1774455914675
682.347839355469	111.977419656604	18.7459232722454
682.921508789063	111.209678590722	19.8971703383339
683.495178222656	114.905407169449	18.8822997414341
684.06884765625	118.047717920565	16.1175586483254
684.642517089844	115.591198457324	15.6153903452437
685.216186523438	114.003055687366	18.5784853184496
685.789855957031	110.890755567481	16.4361047132994
686.363525390625	111.541505568543	17.8243528204072
686.937194824219	112.873944879486	15.239094384646
687.510864257813	117.341763277636	21.8363619642603
688.084533691406	115.277257880576	19.0735207211615
688.658203125	115.22524474312	24.7944453281158
689.231872558594	114.729757999432	23.5197863465626
689.805480957031	116.286973396742	15.2465933420344
690.379150390625	112.14449094347	19.5170941168823
690.952819824219	108.157548645581	18.6014874944704
691.526489257813	104.997427451789	18.3213878329497
692.100158691406	100.373516324616	20.405479635971
692.673828125	100.068801598202	17.651665354775
693.247497558594	92.2957458358861	16.7981101590554
693.821166992188	88.4689261959775	20.0044303952685
694.394836425781	89.8293174039882	19.7519206419376
694.968505859375	89.1785758909628	13.055904191885
695.542175292969	95.0856575523325	9.7561344058258
696.115844726563	93.3132532242279	13.7340965457482
696.689514160156	90.2336946814348	17.7042697150462
697.26318359375	88.8762284258762	16.7159867301192
697.836853027344	89.1660719709822	18.2687838748334
698.410522460938	92.6097313322777	13.6663776360458
698.984191894531	98.7193195622965	10.3251905858023
699.557861328125	90.895520626911	16.732739895331
700.131530761719	85.0527767622369	16.3022301854473
700.705200195313	88.4405242971128	16.1948414502477
701.278869628906	85.6813353279553	20.4901765560506
701.8525390625	83.2908254497709	17.5454060412166
702.426208496094	80.1696910619274	17.5980008800354
702.999877929688	83.8921203891702	11.9360728741345
703.573547363281	84.400725977867	13.4099620770607
704.147216796875	84.491289186597	14.0237857879075
704.720886230469	85.707519906299	10.6945439878338
705.294555664063	84.6253221356976	12.5256227117077
705.868225097656	92.7060496057688	18.1317739691686
706.44189453125	94.5257502758804	17.6160566885178
707.015563964844	91.6238337538417	17.1444266344206
707.589233398438	94.2705843477282	20.5985609365263
708.162902832031	88.668035075194	17.7059676948979
708.736572265625	85.8965750473389	13.0052727637786
709.310241699219	97.8565002539849	17.0140137027187
709.883911132813	100.712096085609	21.0463701418956
710.457580566406	103.859089337429	16.1856449976322
711.03125	105.677809011813	19.7419080185899
711.604919433594	111.828800136574	19.3007316546507
712.178588867188	116.43203820338	13.4721743256568
712.752258300781	110.151292051152	14.6558635929797
713.325927734375	106.743957784018	17.2533690588774
713.899597167969	101.234828519256	17.5609387207141
714.473266601563	104.145271575689	17.2507338146888
715.046936035156	103.969259607355	17.9926386532135
715.62060546875	99.5690207295805	22.8391936945425
716.194274902344	101.395701333713	18.9754009135491
716.767944335938	98.29199896087	15.6611414040878
717.341613769531	96.0122413322284	18.0409114481392
717.915283203125	95.6633572185499	13.7159921453004
718.488952636719	94.0539693389635	9.07124976015351
719.062622070313	92.1654874162705	13.71929140141
719.636291503906	84.263930823552	23.197355489409
720.2099609375	83.4227262899064	18.7180375172273
720.783569335938	88.143131631056	11.5338972441165
721.357238769531	86.7581051583041	13.794936153401
721.930908203125	87.3501419130288	16.7899374340598
722.504577636719	84.4781953437274	22.3699242600066
723.078247070313	85.6637783472707	22.9562057386374
723.651916503906	89.3725664510693	17.9700107112825
724.2255859375	86.079545631997	15.8473311639813
724.799255371094	83.5795554033938	11.5806987664749
725.372924804688	85.1961691939895	13.0849933861547
725.946594238281	87.6906094712088	14.1383582280723
726.520263671875	94.4987309114058	10.7096112548416
727.093933105469	97.5285052989773	11.3998051816974
727.667602539063	96.3778460423113	15.594733086417
728.241271972656	98.7701470420279	12.014629882163
728.81494140625	98.6914220931361	11.2995878203717
729.388610839844	101.656464554889	12.4403928619211
729.962280273438	101.483358369059	15.6918630739032
730.535949707031	102.738723066724	13.8934759504135
731.109619140625	113.32621692932	16.8857881416593
731.683288574219	113.750075446276	18.0298924135873
732.256958007813	116.453763329139	13.7804048437507
732.830627441406	116.936698700224	13.2152536758796
733.404296875	117.699308702282	16.4033475805836
733.977966308594	107.461643595709	16.4968138848299
734.551635742188	104.699889071012	16.9368609938619
735.125305175781	95.6944526320383	22.8958178659231
735.698974609375	89.2415746409723	20.325069201702
736.272644042969	90.3076279681374	17.8138608803595
736.846313476563	95.5806155062903	16.6457552753714
737.419982910156	97.9131907129097	19.8331342457685
737.99365234375	98.9209809640677	19.4954099529925
738.567321777344	94.7758901380644	15.3410275292889
739.140991210938	103.277846098852	19.1966695141199
739.714660644531	95.8329330708243	29.279622194501
740.288330078125	105.304527447357	15.7189758323637
740.861999511719	101.574990713154	20.6966963838422
741.435668945313	111.266355588055	20.7412127527729
742.009338378906	108.733797424834	16.3213581346487
742.5830078125	99.5684953197703	21.5258156584339
743.156677246094	96.4048899622734	24.9453536062477
743.730346679688	110.288443226733	21.6161808258085
744.304016113281	91.1011405743143	24.5771690887928
744.877685546875	86.3801301391357	17.0257132769914
745.451354980469	95.4763015697461	8.86554744773681
746.025024414063	84.2380204237841	11.3923183479849
746.598693847656	83.2070049062411	19.2392709440209
747.17236328125	84.8252068391065	11.0309468501449
747.746032714844	97.7735652296331	11.3378010859042
748.319702148438	84.5285636020642	11.9472252058273
748.893371582031	77.0981676193478	20.8854356628072
749.467041015625	91.3658712284643	22.8898799657368
750.040710449219	94.9635808920964	22.5197011460742
750.614379882813	83.0720334160122	38.5466879600197
751.188049316406	92.1665587324649	20.5517375813972
751.761657714844	97.1973060136051	17.5024368299371
752.335327148438	85.710021410465	28.0935987592808
752.908996582031	96.4508165651828	15.8749763326345
753.482666015625	90.1454606679584	13.9885210695017
754.056335449219	92.7719129157927	14.4408746191798
754.630004882813	87.4924134647791	23.395992479472
755.203674316406	99.4234206936382	11.0536528039922
755.77734375	90.7964034122913	17.0033989950706
756.351013183594	87.6956452104172	7.72593374102775
756.924682617188	92.3370853736446	12.8842222159949
757.498352050781	76.2500432232025	22.9341463669067
758.072021484375	86.5533159620336	17.9382098623469
758.645690917969	93.3508738943817	10.1435138198003
759.219360351563	93.3294419676729	22.1936664293717
759.793029785156	105.045477912626	20.0116967497164
760.36669921875	101.342383484466	10.9227909351234
760.940368652344	108.076622327503	14.0422498738901
761.514038085938	103.019862732687	13.4654016028736
762.087707519531	115.780845504128	21.8856716160613
762.661376953125	122.553404736162	22.1526008737336
763.235046386719	157.20084527226	11.5737545116999
763.808715820313	216.942649991891	21.1443225291585
764.382385253906	202.50783357555	19.1350446515761
764.9560546875	169.893654982923	24.504486021416
765.529724121094	143.275579011075	13.7045914104
766.103393554688	113.294563341599	17.2178831209953
766.677062988281	107.519371405129	18.3531347030817
767.250732421875	93.1968654803271	11.1211328890807
767.824401855469	95.4110300822157	17.4903821556231
768.398071289063	85.7631808235642	12.4995680434972
768.971740722656	70.5419796765796	13.2551902751468
769.54541015625	82.2933998600762	33.7589916661473
770.119079589844	77.9339948339108	17.197053701691
770.692749023438	60.8692724352381	8.72940958590602
771.266418457031	81.7020161126393	15.8497393588597
771.840087890625	77.2916245235311	19.3926920565298
772.413757324219	85.293343771546	3.21711700530403
772.987426757813	70.6088532686776	6.38128807242839
773.561096191406	78.9114855904996	16.8800866222098
774.134765625	65.8943911212183	27.2496868175732
774.708435058594	55.824270534852	31.6554537637105
775.282104492188	62.0007875929344	17.7600739870139
775.855773925781	57.0927555285652	14.1442835139865
776.429443359375	77.674284605311	5.83668260563747
777.003112792969	83.0383233344806	9.58426719442858
777.576782226563	66.0049333730319	4.74738071769639
778.150451660156	68.3543058517282	26.1104184282706
778.72412109375	72.0312775476966	26.4387141901894
779.297790527344	58.068539517966	23.7324599981001
779.871459960938	61.6619005758986	31.2644692574774
780.445129394531	67.2206020472307	19.5212858360785
781.018798828125	69.2833834736896	37.6134206317196
781.592468261719	72.507035806792	18.9047669877411
782.166137695313	85.3536456890121	20.6859556900646
782.73974609375	60.6092123058097	19.9198961008207
783.313415527344	68.9277247462118	15.2598562216425
783.887084960938	81.4065863097068	8.19528050563774
784.460754394531	77.4212407713894	14.5132281280122
785.034423828125	53.8159118667677	49.3451856432627
785.608093261719	80.385228977895	24.170537671496
786.181762695313	84.9279399045969	11.5653892764512
786.755432128906	87.3900812966516	20.2954859137938
787.3291015625	88.9531121834747	2.50415739988382
787.902770996094	115.011968581881	23.5787592415906
788.476440429688	95.2491981837499	31.119311548524
789.050109863281	108.419366570313	26.0805120968876
789.623779296875	92.1232872722334	33.1588124312703
790.197448730469	86.8668015110121	29.8077790822865
790.771118164063	75.6216496756601	7.99228029458746
791.344787597656	100.595884967583	9.27381956336449
791.91845703125	95.2699518402431	21.8414100434237
792.492126464844	72.2534276568531	28.381369893509
793.065795898438	75.4243171891601	16.4961880000581
793.639465332031	55.9369806351948	58.0105154207225
794.213134765625	69.1913897211606	38.5934211718386
794.786804199219	96.3548437484869	29.6383734661678
795.360473632813	94.6363454053274	24.063058875464
795.934143066406	96.3686567843938	7.57441530115536
796.5078125	103.759861798147	10.3298083146886
797.081481933594	97.8610125955795	29.7200856426737
797.655151367188	75.6706993536846	10.2397810609131
798.228820800781	102.810129021593	23.9513864488904
798.802490234375	115.123864193252	20.5848953984795
799.376159667969	88.0189175817496	20.9723377982505
799.949829101563	106.043118339332	20.7291245413689
800.523498535156	77.6019039541787	17.9506421091983
801.09716796875	78.0207355443424	22.0022828169083
801.670837402344	87.5792630399214	14.3857546730859
802.244506835938	102.866460101162	7.55040530794932
802.818176269531	97.5506173581135	20.2181895267642
803.391845703125	83.788986478726	11.9017811136376
803.965515136719	59.9626242607909	13.0340377874905
804.539184570313	87.3318961886606	25.8738852846738
805.112854003906	92.7336275679954	8.18440221911769
805.6865234375	91.7179852740315	18.6726055948086
806.260192871094	67.2426696462007	54.5412970363299
806.833862304688	79.7310495364183	45.8254317137497
807.407531738281	83.1980224881364	29.9565328747715
807.981201171875	105.814304183448	7.21743958162944
808.554870605469	98.8783574318641	25.9939385000191
809.128540039063	84.6283826218621	34.3982862834645
809.702209472656	93.6032913549063	12.2303175626266
810.27587890625	99.0693826007196	11.6359294926872
810.849548339844	96.5427833880693	13.0075088369298
811.423217773438	69.4226088596471	50.5984320846443
811.996887207031	67.4127480319865	62.6629104101081
812.570556640625	110.536271303877	33.7173862877828
813.144226074219	120.284111415671	18.3559490636566
813.717834472656	112.973553576003	9.7081714106271
814.29150390625	110.952927483464	8.06947109452451
814.865173339844	102.269657060406	17.9212375898045
815.438842773438	117.937892541338	45.3101465337217
816.012512207031	107.891894644473	38.6112425948649
816.586181640625	101.074911775757	19.8516538400402
817.159851074219	102.901062860805	16.6247968434957
817.733520507813	133.127946247312	22.926399042282
818.307189941406	145.229570780938	44.925522516662
818.880859375	153.218713165609	27.910462428923
819.454528808594	160.968194562495	22.2575371258685
820.028198242188	212.297995767223	18.9711238929227
820.601867675781	246.575342297369	87.9285394919572
821.175537109375	387.553573394899	58.2557639147152
821.749206542969	621.822706077607	49.3005912694045
822.322875976563	934.644201131148	66.9747481039146
822.896545410156	1026.49416539488	112.276468557148
823.47021484375	914.22467880592	156.793401863137
824.043884277344	648.404973318162	152.091522231967
824.617553710938	510.702674709614	110.771893395462
825.191223144531	434.18018180648	79.2698612833891
825.764892578125	395.605168521038	72.8622828757054
826.338562011719	437.408694927742	48.0705609069688
826.912231445313	563.83693712012	36.873863465531
827.485900878906	571.993050072386	110.262722063374
828.0595703125	526.662579777468	95.7124576930043
828.633239746094	407.903601084376	88.1629734912954
829.206909179688	291.307558861523	72.0315316843687
829.780578613281	220.594101259703	70.6863455355787
830.354248046875	191.080557367084	47.611499888963
830.927917480469	198.438644176724	34.6100795351248
831.501586914063	205.549679219663	17.0200807522886
832.075256347656	203.445390076327	16.7516947484765
832.64892578125	221.478991057866	22.8092123661681
833.222595214844	301.440133939623	35.8771829936947
833.796264648438	383.442964559856	37.6212618685489
834.369934082031	393.886576235048	56.9106964303356
834.943603515625	324.683830934035	74.2315502300874
835.517272949219	280.497263156703	38.5156849759555
836.090942382813	195.363761663367	35.7471175010633
836.664611816406	174.044662189745	36.8920666727321
837.23828125	149.758943886501	47.3363492819941
837.811950683594	136.306269528238	33.7822518924444
838.385620117188	113.499428109376	37.2430259785671
838.959289550781	134.95839063373	9.42994670847911
839.532958984375	168.132826231503	4.68155307262929
840.106628417969	216.556825504126	50.2641802918083
840.680297851563	193.347487240712	81.4668407012364
841.253967285156	178.687980289365	43.0712461368171
841.82763671875	133.859019403899	12.7060736279183
842.401306152344	114.352842997237	13.0095033860331
842.974975585938	115.821508262239	31.3225974768339
843.548645019531	90.8824193315942	19.0238909951242
844.122314453125	90.9944291042343	30.2192325369088
844.695922851563	117.230413913125	47.4847638388947
845.269592285156	128.556580955089	26.0943530485393
845.84326171875	98.5750980183665	30.4638303862036
846.416931152344	70.1506025088453	20.7330170854819
846.990600585938	82.9668743942501	8.93566037956794
847.564270019531	104.203265813312	7.97743785992215
848.137939453125	112.803499600604	7.20436202528192
848.711608886719	101.801881413433	28.1667893368527
849.285278320313	71.3635929729656	3.1695196284543
849.858947753906	97.8943436918577	40.0209296487288
850.4326171875	75.742743786044	45.326090564096
851.006286621094	118.686751888517	57.951403513766
851.579956054688	94.66590151445	20.307206460305
852.153625488281	107.337619524712	42.6214993142021
852.727294921875	98.0300505765949	5.0895158766768
853.300964355469	65.4816416278955	69.4881398314698
853.874633789063	53.9235835316782	33.3544493434087
854.448303222656	112.770417412622	18.0345418327934
855.02197265625	82.5472645028993	35.3128394642477
855.595642089844	99.4308911077218	11.5393761735914
856.169311523438	114.537380599281	32.3753502550927
856.742980957031	78.2635274485141	46.4454979958595
857.316650390625	102.298730080178	16.4458131779706
857.890319824219	128.464920781611	48.0327657631738
858.463989257813	111.804643524983	38.1952789678542
859.037658691406	94.5259666818608	8.7244047902973
859.611328125	94.7707169253222	11.4709302670753
860.184997558594	87.635341202437	29.7071769129215
860.758666992188	57.3161489930571	44.4588971590084
861.332336425781	76.6338009464478	72.4476888805535
861.906005859375	87.8321610346937	32.9716541152777
862.479675292969	114.476444303309	25.2196110221541
863.053344726563	91.770819523294	22.514118109627
863.627014160156	106.883560745872	16.9594862145142
864.20068359375	123.849354711947	14.0907435704631
864.774353027344	124.106679644997	27.37828462986
865.348022460938	114.287192088875	24.8187970735127
865.921691894531	112.713472103203	40.32162753486
866.495361328125	117.786306046889	28.6363860341875
867.069030761719	114.502899169865	50.4430590602022
867.642700195313	131.979782275698	25.5733836597564
868.216369628906	174.87291062046	46.3100823378999
868.7900390625	134.626048900848	37.678516465744
869.363708496094	129.624856703334	41.456532442058
869.937377929688	161.617379779244	21.4963657220679
870.511047363281	149.222129407757	22.1527814468913
871.084716796875	135.182968203102	29.7264018737517
871.658386230469	160.636511883645	94.8716463808058
872.232055664063	108.407872514562	32.6685316294975
872.805725097656	136.872841213217	18.3915683823328
873.37939453125	174.873254862829	24.4336254745602
873.953063964844	182.831300938624	42.5524556884937
874.526733398438	107.175953088772	86.8526219974267
875.100402832031	152.060988248734	50.3694288225156
875.674011230469	175.217657152469	21.3082486087955
876.247680664063	191.313065446509	32.3002324511125
876.821350097656	187.359599166253	41.9432329496046
877.39501953125	202.115931281794	21.1739811462474
877.968688964844	205.479479323093	31.1006564191042
878.542358398438	245.599715566466	68.2918942264624
879.116027832031	312.679631323242	42.7178138971722
879.689697265625	427.167467201793	49.7467926581557
880.263366699219	584.816052113706	34.0167204485228
880.837036132813	773.184532040456	100.049957016218
881.410705566406	916.220898966612	65.8073042608169
881.984375	952.001324159955	37.730899330254
882.558044433594	844.790785372485	83.1989587931296
883.131713867188	717.040049470072	84.5068327973566
883.705383300781	577.174624015163	104.841919160566
884.279052734375	457.184869227703	111.904158737394
884.852722167969	400.464605020042	72.3901847903424
885.426391601563	340.524466852392	45.4460886262996
886.000061035156	319.254583230556	45.0326915920418
886.57373046875	273.339947709609	38.1268989884539
887.147399902344	201.427555993141	66.7481323993446
887.721069335938	203.87638800183	55.0508059072945
888.294738769531	223.869761752549	35.227839968968
888.868408203125	185.073896991039	12.8313144584302
889.442077636719	208.396780143949	15.7991795025461
890.015747070313	224.295309329049	25.0075531221198
890.589416503906	205.031726158862	28.1676476888879
891.1630859375	236.763372884698	47.6981815259719
891.736755371094	218.289136151748	82.5016618696764
892.310424804688	242.551912450377	29.8892469111378
892.884094238281	301.317543904709	22.8749992218481
893.457763671875	398.27183151265	61.2503703732393
894.031433105469	502.007934965792	29.8447988794258
894.605102539063	612.266721074704	74.7993376663738
895.178771972656	597.636575140195	71.0468653796777
895.75244140625	519.560454606838	57.1674559907181
896.326110839844	437.363513674131	48.7920888886672
896.899780273438	338.829735511317	70.7598406362616
897.473449707031	264.979466310841	42.34304882048
898.047119140625	243.682263203338	23.2523599929915
898.620788574219	239.630248309187	31.0843499365873
899.194458007813	235.063569270699	82.7743301738719
899.768127441406	246.971655256038	48.5880657444864
900.341796875	221.843747782558	78.7470130484755
900.915466308594	206.147567299927	78.9181252753978
901.489135742188	231.94053163364	71.1220979063643
902.062805175781	256.355605132942	30.4623738229608
902.636474609375	344.378517265159	31.2819812142617
903.210144042969	454.337319046421	42.7774115468959
903.783813476563	639.844374238314	57.9321474356169
904.357482910156	705.169572672039	76.8601709021751
904.93115234375	576.018941356928	74.6370516175086
905.504821777344	425.735824842515	74.9485079317634
906.078491210938	296.662361443089	98.0442029472392
906.652099609375	229.88280902151	106.081816074897
907.225769042969	201.389933829836	59.590896079365
907.799438476563	204.399393235949	33.0228484563211
908.373107910156	202.333790230542	60.3685007664152
908.94677734375	199.587802403804	61.1009323189024
909.520446777344	189.651948823112	29.9662002184308
910.094116210938	191.924804314976	38.206544932549
910.667785644531	210.080109722653	27.5073833058996
911.241455078125	209.01028678784	25.7018747689451
911.815124511719	200.124001593484	36.6754401490576
912.388793945313	238.105339466993	37.4094439750291
912.962463378906	256.435005891388	91.226419092118
913.5361328125	348.884205440892	43.8115102314872
914.109802246094	467.613473918089	74.4549892146085
914.683471679688	592.496439393103	84.3060698022846
915.257141113281	773.263651463998	29.9568519102273
915.830810546875	826.936420997825	75.0782084551197
916.404479980469	809.206196252564	71.863842600828
916.978149414063	670.607325914119	108.298715868965
917.551818847656	505.34927769151	116.538423207983
918.12548828125	458.582374240227	80.3236192887165
918.699157714844	392.993502328297	79.8032277655329
919.272827148438	339.203252899694	89.3207329018795
919.846496582031	308.114458514076	83.8423087431777
920.420166015625	261.27140918604	47.9373852232944
920.993835449219	249.228034347037	50.0706644560324
921.567504882813	231.177264826627	50.4731958419624
922.141174316406	242.306062646999	58.5713567717359
922.71484375	224.132074986522	42.179838328303
923.288513183594	212.862841544902	35.8537672691939
923.862182617188	229.795671930191	39.6433713611491
924.435852050781	225.480068825472	41.3153882045243
925.009521484375	230.640879497494	25.0281063740911
925.583190917969	240.23174638653	14.3022207745935
926.156860351563	238.009858905083	22.0864695237198
926.730529785156	214.076130232385	43.9154694161833
927.30419921875	209.475024372031	38.0304344614716
927.877868652344	215.200229889441	34.6087962020351
928.451538085938	171.446690838143	83.3690867543197
929.025207519531	191.257606079162	49.7171379039307
929.598876953125	215.858906783583	86.3130524861166
930.172546386719	243.910259569855	49.6532798550859
930.746215820313	176.953738255565	3.66741766000975
931.319885253906	210.383627601194	58.4997175701741
931.8935546875	217.458476445005	40.9822269641019
932.467224121094	197.756862091803	56.7756919733659
933.040893554688	229.671142770279	79.7243633165895
933.614562988281	267.269137653846	51.1085693262183
934.188232421875	247.922109045559	83.8606871230645
934.761901855469	308.466142187129	71.189590079956
935.335571289063	300.717282714856	94.5656306149219
935.909240722656	323.165250268486	60.5277186374209
936.48291015625	320.81398269809	53.0255025804779
937.056518554688	319.401526982774	57.2763505053354
937.630187988281	340.234831570884	36.5999832454964
938.203857421875	364.524193046355	44.4236395006115
938.777526855469	311.598370484867	37.8555451895482
939.351196289063	317.096749311011	54.1267737193662
939.924865722656	336.044318481638	58.400228492286
940.49853515625	318.152131180976	62.5743451007212
941.072204589844	305.787954661152	64.3355634941772
941.645874023438	305.254064904648	41.4841400202583
942.219543457031	271.835315598903	62.161174812205
942.793212890625	256.898778062421	70.5731516239685
943.366882324219	299.067995348366	52.8300086269617
943.940551757813	249.281179546251	59.7014374707638
944.514221191406	264.948883826783	13.8508652249161
945.087890625	303.416579877625	43.3873677164473
945.661560058594	333.399505515682	67.3323096673589
946.235229492188	303.323145602523	55.7822085713504
946.808898925781	368.178666775464	76.5571106128206
947.382568359375	337.316121799537	63.2739367983202
947.956237792969	324.234874945788	63.8334461958415
948.529907226563	316.728809230656	56.5854766510077
949.103576660156	325.677024541311	50.1776542546094
949.67724609375	323.831822685317	57.6875868888826
950.250915527344	315.693453448395	71.8032928115906
950.824584960938	309.168350547751	33.3959774677901
951.398254394531	300.149954679599	77.4925685576898
951.971923828125	309.876751973953	67.8329002624955
952.545593261719	291.854835377156	83.9134689628003
953.119262695313	261.549263411117	77.4181668931022
953.692932128906	239.977706762465	72.5990194275854
954.2666015625	198.189994739894	79.9679189854863
954.840270996094	201.619320141324	51.0325522472136
955.413940429688	213.443041800068	42.1547505235279
955.987609863281	195.177413363198	23.5634534968236
956.561279296875	216.5634891835	44.8687476509511
957.134948730469	177.6890308929	19.5339609647424
957.708618164063	183.908518410515	59.4426965712929
958.282287597656	183.583258771439	27.7980560528875
958.85595703125	247.411848654606	35.7337204311677
959.429626464844	221.023288560475	21.2567684999994
960.003295898438	183.630206412359	51.8301279841263
960.576965332031	178.730850304706	24.302479494089
961.150634765625	233.529228851409	30.6941468177899
961.724304199219	213.243269427973	42.681229602878
962.297973632813	235.696442744545	57.5783961889649
962.871643066406	183.914059810591	76.9772646675925
963.4453125	222.712905996349	81.6293214569753
964.018981933594	190.190535913654	56.3982884832221
964.592651367188	175.066874875975	122.686253520229
965.166320800781	241.114104980939	43.9733531629751
965.739990234375	249.15940522666	26.6464268235955
966.313659667969	238.153675958436	20.4530331189553
966.887329101563	237.66029967527	38.5191227670573
967.460998535156	196.372036109657	90.956892573879
968.034606933594	216.27995584438	68.3549830164501
968.608276367188	258.272008305503	32.0113208363809
969.181945800781	258.329650462506	40.2913957553557
969.755615234375	247.289936790634	39.0210864721303
970.329284667969	233.227609096118	110.722650327549
970.902954101563	233.178458136371	76.9732029801135
971.476623535156	268.193771758216	30.6732414082868
972.05029296875	233.647441917499	24.5624928576983
972.623962402344	211.131961770838	71.6681485530319
973.197631835938	191.672246172203	92.0130265478166
973.771301269531	223.66437458103	57.4088565937091
974.344970703125	225.752465308385	69.7437716608761
974.918640136719	200.629569823994	38.8622159511979
975.492309570313	220.158117012921	82.103564328493
976.065979003906	223.668617673362	60.854884346772
976.6396484375	254.425127656983	46.364699813235
977.213317871094	312.11785555617	69.8255499797787
977.786987304688	379.090464840615	96.9206603823011
978.360656738281	479.349515629292	36.3864991626234
978.934326171875	563.785492288348	49.078948542489
979.507995605469	546.649374929884	99.6005558124737
980.081665039063	484.489056250238	69.6782805382445
980.655334472656	423.183980591606	52.547520936354
981.22900390625	401.702213956409	71.1344962033595
981.802673339844	323.92883962306	65.5159183384095
982.376342773438	243.419211756741	21.3136928317696
982.950012207031	257.731834012179	9.08712879090547
983.523681640625	250.328149368996	94.9014961545089
984.097351074219	277.196061861835	23.3413001743881
984.671020507813	218.307253610965	47.6313408832612
985.244689941406	254.039352807177	68.5002229317699
985.818359375	234.313889308283	30.5769389248561
986.392028808594	223.110982039156	77.1785522989035
986.965698242188	241.93218444919	91.375796773845
987.539367675781	215.654235698993	79.2448213846531
988.113037109375	222.781990595335	121.014081795147
988.686706542969	230.264966669901	40.2581107254345
989.260375976563	231.785948132247	17.4730297831385
989.834045410156	315.216854586135	46.8852590481986
990.40771484375	329.612043135194	90.390401567149
990.981384277344	398.109692317092	14.3591720314126
991.555053710938	499.914110867247	51.076016573805
992.128723144531	527.72459799771	64.4264012835043
992.702392578125	491.675748633653	68.0476984429576
993.276062011719	443.676666011384	29.0820844382742
993.849731445313	355.70873198861	18.4396608176512
994.423400878906	257.524831519202	46.1859386107966
994.9970703125	281.761477388303	58.3689003122676
995.570739746094	244.044066091551	37.8593626576595
996.144409179688	236.22675277192	14.7794690255111
996.718078613281	254.13005704871	55.6068297021687
997.291748046875	223.680120100851	48.7127408228128
997.865417480469	232.84759923458	101.107491810321
998.439086914063	306.938649900541	43.703752908008
999.0126953125	170.4657915198	80.2379414298107
999.586364746094	245.428868558779	57.4532608010331
1000.16003417968	193.856762901058	35.8649969662462
1000.73370361328	132.234862203073	139.012339403981
1001.30737304687	201.309174464361	65.3769791430841
1001.88104248046	229.694180671176	42.2090938323502
1002.45471191406	210.482271164205	34.2305910880438
1003.02838134765	170.429109180829	56.3159914474616
1003.60205078125	142.164539681277	48.8830069585039
1004.17572021484	170.763546409766	42.5867247195946
1004.74938964843	214.596096232139	53.9362296277781
1005.32305908203	234.302078837268	60.7580401938302
1005.89672851562	204.525831027292	68.1370301683046
1006.47039794921	198.114820103248	71.3896291421317
1007.04406738281	198.912805139467	62.0500792265474
1007.6177368164	227.649586065116	17.9663314745853
1008.19140625	236.724536976999	43.9694616244261
1008.76507568359	226.646058660971	63.3478147769936
1009.33874511718	256.451516307425	65.8518253702825
1009.91241455078	157.593117220779	107.915685751257
1010.48608398437	212.564571180473	79.4224135689616
1011.05975341796	145.383556412679	190.107076064115
1011.63342285156	274.570047858025	40.7318661845358
1012.20709228515	279.476176243609	32.4360465404053
1012.78076171875	132.929858396325	160.057282400194
1013.35443115234	192.853528700479	103.498726936406
1013.92810058593	242.905109303374	72.1026568575447
1014.50177001953	195.224109976931	76.8597680905488
1015.07543945312	281.338845503007	100.547338829805
1015.64910888671	229.485655853044	42.077503881575
1016.22277832031	188.924353305161	61.3822104250785
1016.7964477539	180.266664410809	80.2980832898246
1017.3701171875	235.127857876931	55.8431519681393
1017.94378662109	241.165676258735	54.5924822344695
1018.51745605468	215.411489383926	70.1208148690946
1019.09112548828	191.079674105081	62.8273820585412
1019.66479492187	237.680773918362	71.0071534657328
1020.23846435546	205.903146298785	44.2341355662109
1020.81213378906	184.439784189073	51.3607344398512
1021.38580322265	202.542239997401	52.6146983162957
1021.95947265625	200.245661803658	45.9482763720248
1022.53314208984	157.04175291834	15.4029027686766
1023.10681152343	193.540967249211	67.194334286274
1023.68048095703	121.891385267746	142.616456717996
1024.25415039063	185.938688470573	58.1866903785197
1024.82775878906	204.361166795851	105.716344059176
1025.40148925781	229.85449533765	63.4355854264269
1025.97509765625	230.647109010437	31.4828174919281
1026.548828125	196.518194128702	27.2223738580152
1027.12243652344	199.26375659167	40.4616815965183
1027.69616699219	185.12242101966	40.0654982343762
1028.26977539063	185.889943951677	48.7803707580357
1028.84350585938	228.59329902871	41.8121494666043
1029.41711425781	253.003182812435	46.2776164728439
1029.99084472656	246.133378132199	39.6826080693141
1030.564453125	217.678369973637	69.4082693828921
1031.13818359375	213.04626855509	58.3230979180216
1031.71179199219	185.411954124571	52.0338953073022
1032.28552246094	194.898677766134	28.9891149066309
1032.85913085938	250.246478005241	58.6327503573199
1033.43286132813	213.665156951546	34.6682778691899
1034.00646972656	224.313530732508	20.7944943594972
1034.58020019531	238.40401932921	88.9121080653646
1035.15380859375	119.602995759806	106.917363205098
1035.7275390625	292.044423401319	67.0901111366447
1036.30114746094	165.751197636492	120.289082908122
1036.87487792969	200.724359760545	72.2396489820024
1037.44848632813	183.228753322855	69.3599212533022
1038.02221679688	90.0274790130282	164.24826833288
1038.59582519531	176.544651374867	80.4913843750053
1039.16955566406	241.797907159885	19.4022153407194
1039.7431640625	228.864385476095	43.3232198734909
1040.31689453125	182.930813155984	10.609461961654
1040.89050292969	174.575030907978	9.4763829313266
1041.46423339844	236.02882072303	44.7328263360893
1042.03784179688	243.782405732015	74.2312422771537
1042.61157226563	267.424244617579	102.573860332891
1043.18518066406	185.330193563458	56.7101218935407
1043.75891113281	206.261727000744	72.678157333518
1044.33251953125	214.443715750186	96.9823598156129
1044.90625	241.035540449394	21.732810406485
1045.47985839844	230.28343879396	31.687854331183
1046.05346679688	178.372335883379	37.691271827481
1046.62719726563	170.661576168376	38.5808536763569
1047.20080566406	217.107483725757	37.8289689710581
1047.77453613281	238.331925398874	30.8391373990244
1048.34814453125	213.082139325113	51.3549607442724
1048.921875	154.85820333956	134.682328868529
1049.49548339844	187.728710946865	61.7050412118206
1050.06921386719	183.82306264116	78.7295767367719
1050.64282226563	202.288950961037	96.6808161634009
1051.21655273438	201.26646376234	103.008688665004
1051.79016113281	207.469909647224	101.966481772027
1052.36389160156	239.948354189816	85.8020291819265
1052.9375	208.49928842959	68.1424066707867
1053.51123046875	240.216821305726	56.2424683353406
1054.08483886719	219.565930797497	128.175179242123
1054.65856933594	292.827671601674	57.3427620308824
1055.23217773438	211.995808334948	66.6395988556819
1055.80590820313	234.449998861121	41.5271044747991
1056.37951660156	245.25917974465	65.6665436174228
1056.95324707031	226.562711747924	40.2066404449412
1057.52685546875	211.881070714808	50.7243273485691
1058.1005859375	234.327158591472	32.3051971036618
1058.67419433594	243.856855184758	64.1363068825005
1059.24792480469	175.80715471582	125.54808558762
1059.82153320313	187.432555370361	151.48750606301
1060.39526367188	180.633970767454	103.275488192622
1060.96887207031	198.019769310456	68.7935024099883
1061.54260253906	157.77482954722	52.3327131030235
1062.1162109375	113.19295417869	66.3503247704279
1062.68994140625	149.139540061433	121.387289819588
1063.26354980469	215.146306782794	63.01924954505
1063.83728027344	200.490671262306	61.6878348420639
1064.41088867188	192.932508863617	51.6277733151075
1064.98461914063	207.31312229737	36.6396427768862
1065.55822753906	93.1481308144681	152.272080086217
1066.13195800781	220.928148371335	77.3963683368766
1066.70556640625	223.809432617782	49.8147154603877
1067.279296875	190.940137649563	81.767633868952
1067.85290527344	195.699919165332	72.7407814052483
1068.42663574219	245.569952514186	25.1822113433427
1069.00024414063	207.56163826198	75.0156432438248
1069.57397460938	211.942044143263	60.5321261912841
1070.14758300781	250.241374319828	59.3527044960298
1070.72131347656	189.163573394179	52.2771271647394
1071.294921875	183.90174313292	65.312391085964
1071.86865234375	194.360369201567	40.7670421782283
1072.44226074219	200.065272591825	17.2621409826189
1073.01599121094	200.21112036655	26.8657006639974
1073.58959960938	180.389060200802	33.9675630249706
1074.16333007813	219.852524608355	23.6519325316809
1074.73693847656	219.755287328989	107.200808184962
1075.31066894531	200.789552165937	58.2542638690469
1075.88427734375	277.652380304797	56.0762287127674
1076.45788574219	201.83983483696	55.1087653786427
1077.03161621094	219.951321573302	48.4030689020128
1077.60522460938	190.87544057453	50.7364615479316
1078.17895507813	226.080129834331	57.5215313418869
1078.75256347656	243.861928771415	13.2805112778066
1079.32629394531	265.126964670727	23.9599448721483
1079.89990234375	222.994765038474	40.9099959685469
1080.4736328125	191.575414710971	89.5411750403696
1081.04724121094	231.658460816004	39.2179747447142
1081.62097167969	231.015381967047	68.2327923240058
1082.19458007813	191.168167594951	124.769982569752
1082.76831054688	201.877572025642	91.2769591475336
1083.34191894531	231.469388287584	13.8694146137991
1083.91564941406	226.387785740818	23.3740995716246
1084.4892578125	199.591795595145	81.6882209244994
1085.06298828125	213.595463805967	51.3417185908344
1085.63659667969	197.276154098024	53.179973326728
1086.21032714844	249.262626304312	39.1001082046146
1086.78393554688	223.122928492176	37.3171686295525
1087.35766601563	229.753357837276	74.975268453365
1087.93127441406	190.85736567001	47.8113530316556
1088.50500488281	175.292694409193	73.6104594020527
1089.07861328125	200.052483013065	46.8443632187582
1089.65234375	202.803018121454	55.8042829248173
1090.22595214844	174.961512076875	43.597948311885
1090.79968261719	167.436905066772	94.4504582785266
1091.37329101563	204.916281169053	50.6897419776001
1091.94702148438	227.983068590562	29.2171560268064
1092.52062988281	200.660990594289	8.26384914472536
1093.09436035156	282.816852302073	51.6803587571411
1093.66796875	235.917493842379	30.9908124659087
1094.24169921875	289.290510396527	66.026815461943
1094.81530761719	221.416722083493	77.2006170159792
1095.38903808594	231.762812279206	57.84328098854
1095.96264648438	205.470135749616	64.1677907024416
1096.53637695313	199.689228789989	95.4229093494953
1097.10998535156	220.549181979387	57.6710617355262
1097.68371582031	201.381209925136	111.380939440558
1098.25732421875	163.028953440867	91.0118822866929
1098.8310546875	215.333615748646	41.0353561295684
1099.40466308594	215.468559114439	40.8122175956856
1099.97839355469	230.624526674454	35.7775417499615
1100.55200195313	221.10976164113	36.0034760542944
1101.12573242188	219.34841331439	40.231163471554
1101.69934082031	208.995005385212	75.1908206807249
1102.27307128906	223.050864517512	22.3488380634125
1102.8466796875	257.496293082256	25.7118633674654
##END=	--	--
