Wavelength	Media	StDev
nm		
171.78303527832	1.73440977136294E-7	1.69431424495598E-7
172.356704711914	-7.68685547510784E-8	9.88479757574405E-8
172.930374145508	-1.03651972611745E-7	9.13977044926326E-8
173.504043579102	1.12683021227518E-7	1.03219023879087E-7
174.077713012695	1.72862195968628E-7	6.65292700695783E-8
174.651382446289	2.06887563069661E-7	9.53535853729178E-8
175.225051879883	-1.88201519648234E-7	1.60879130014644E-7
175.798706054688	1.34800036748252E-9	9.49843431316752E-8
176.372375488281	1.80991275310516E-7	1.14039460002155E-7
176.946044921875	1.40560252666474E-7	5.92386155488805E-8
177.519714355469	7.21048808097839E-8	1.34459509469612E-7
178.093383789063	3.09052403767904E-8	9.79105381626795E-8
178.667053222656	8.2012178103129E-8	1.25632296462432E-7
179.24072265625	1.21123528679212E-7	1.30326237879152E-7
179.814392089844	-7.71476141611736E-8	1.26522397896094E-7
180.388061523438	-2.09548406799634E-7	2.3351907319812E-7
180.961730957031	1.47246468067169E-7	8.38813942781039E-8
181.535400390625	1.38751416007678E-7	1.19971454621743E-7
182.109069824219	2.17146568248669E-8	1.17900367865355E-7
182.682739257813	2.65385654767355E-7	1.51359384388111E-7
183.256408691406	4.89584637184938E-8	1.04288610430278E-8
183.830062866211	-2.51824550628662E-7	2.725491123777E-8
184.403732299805	2.12891379694144E-7	9.6180710151268E-8
184.977401733398	8.37242317199707E-8	3.58273534351888E-8
185.551071166992	9.92388582229616E-8	1.00824326152062E-7
186.124740600586	9.42039040724436E-8	4.55757403183644E-8
186.69841003418	1.0105438709259E-7	1.63385561185648E-7
187.272079467773	1.47374920050303E-7	7.79985202513967E-8
187.845748901367	1.83710036277771E-7	8.38579943843127E-8
188.419418334961	5.10199483235678E-8	1.44383106123132E-7
188.993087768555	8.95378386974335E-8	1.73338173574091E-7
189.566757202148	1.44817342758179E-7	1.11006539736621E-7
190.140426635742	8.99514309565223E-8	4.20714087793443E-8
190.714096069336	8.02487428983052E-8	1.27456810080637E-7
191.287750244141	1.41333545049032E-7	7.35235087614715E-8
191.861419677734	1.76087821796536E-7	2.06732255032567E-7
192.435089111328	1.14084119002024E-7	4.51301590297012E-8
193.008758544922	1.09786293109258E-7	1.56858762849481E-7
193.582427978516	2.75415515899656E-8	1.28896832465348E-7
194.156097412109	9.20155310630796E-8	3.14938514080993E-8
194.729766845703	1.11147284507751E-7	2.24979762907884E-7
195.303436279297	-7.1582916577657E-8	2.19492833711283E-7
195.877105712891	1.6438986937205E-7	2.75829208226431E-7
196.450775146484	1.9927827119827E-8	2.31256043064248E-7
197.024444580078	2.22348987360795E-7	2.3297299327289E-7
197.598114013672	5.35562419891358E-8	4.31416397746603E-9
198.171783447266	1.6571861187617E-7	1.15040148662797E-7
198.745452880859	1.0083327293396E-7	1.7981485013755E-7
199.319107055664	2.42108331521352E-7	2.36523840682849E-7
199.892776489258	1.57203914523125E-7	1.16357201539043E-7
200.466445922852	1.32678202788035E-7	5.17690743858639E-8
201.040115356445	2.09758221829502E-7	1.59655946412436E-7
201.613784790039	283.868978846621	595.475964432106
202.187454223633	682.147910365497	977.641552252197
202.761123657227	839.862874526344	419.142952034611
203.33479309082	653.549977190446	590.8884982391
203.908462524414	519.449850365395	663.042683008002
204.482131958008	420.00286111713	634.717042586771
205.055801391602	814.384570961739	247.630369496456
205.629470825195	974.970774587533	522.647796062901
206.203140258789	360.444605645963	286.889096777289
206.776794433594	199.267864353021	263.485895395404
207.350463867188	233.064754363126	187.237834640969
207.924133300781	770.110944820783	941.926948711367
208.497802734375	169.353888252472	553.606350269726
209.071472167969	558.108441355447	290.05438614976
209.645141601563	-10.838446689645	55.1118456142722
210.218811035156	379.545522537289	297.707235599601
210.79248046875	749.415681841883	795.548473736554
211.366149902344	381.703043529589	310.343514840307
211.939819335938	262.200698122109	102.730013444848
212.513488769531	422.606602008227	171.602590045861
213.087158203125	278.071301689965	28.6670154487277
213.660827636719	92.8635512932539	87.4857367082429
214.234497070313	56.2073301247443	123.729804726674
214.808151245117	136.239121104302	173.20835216513
215.381820678711	67.8520312649522	131.002246179085
215.955490112305	33.7462174689268	45.3499651395007
216.529159545898	146.368562596664	128.073964689565
217.102828979492	188.629479332315	86.7330957589513
217.676498413086	317.465368884382	121.3619990945
218.25016784668	77.4445528185025	89.511324654443
218.823837280273	128.308440747597	88.52837929175
219.397506713867	-73.4853318816094	113.474452979452
219.971176147461	-10.879492028214	68.9845309258544
220.544845581055	136.960819435453	150.838315888994
221.118515014648	57.6224676031687	42.7046658904529
221.692184448242	181.263379355427	169.413561519759
222.265838623047	115.303283163544	51.104739255879
222.839508056641	94.4366873446721	26.6677059244708
223.413177490234	117.578546021668	63.7410935277859
223.986846923828	65.6372165722472	83.30581580958
224.560516357422	55.069324466063	31.446855111941
225.134185791016	108.61100227464	67.6215034417909
225.707855224609	83.8086439568597	29.5280115407841
226.281524658203	51.9317503469045	15.8402487043569
226.855194091797	64.8459385619	43.6260056347778
227.428863525391	-17.8770820324903	31.3411949642208
228.002532958984	-22.1410166448923	45.2176114799845
228.576202392578	47.0031109286659	57.3413633627561
229.149871826172	39.4327919631547	18.4855789039935
229.723541259766	60.0029631937816	10.4560329876648
230.29719543457	67.1413799956445	18.7100490212924
230.870864868164	90.0287011232169	32.5844428881707
231.444534301758	54.507160669886	53.5500200989779
232.018203735352	5.00976001369125	57.4780536779508
232.591873168945	55.0598151116008	50.1091008311173
233.165542602539	45.9592183606678	91.2855735112935
233.739212036133	20.6900403479535	123.570034913443
234.312881469727	61.0535129624452	22.3515823969655
234.88655090332	35.8572876493142	58.4358242491355
235.460220336914	25.2276703226978	25.5670573923144
236.033889770508	64.2159152179052	54.9192625783726
236.607559204102	-20.1755202823715	42.3368565266106
237.181228637695	11.6013166285405	54.9272993821393
237.7548828125	-15.2413864653418	52.2640932852398
238.328552246094	27.2484384635678	58.9294405270377
238.902221679688	34.0718931344713	52.3762642568756
239.475891113281	11.798747835364	17.6234932732836
240.049560546875	51.2535125949556	29.1918710156736
240.623229980469	50.8397960724718	66.8571018917202
241.196899414063	7.3196656452665	28.5501182291107
241.770568847656	-21.4613781867096	24.4288991448895
242.34423828125	-18.6832467195024	21.8812339014086
242.917907714844	5.33174580969647	14.9564428747135
243.491577148438	11.0049266583241	15.8895355568518
244.065246582031	27.4551290630996	12.4797287982692
244.638916015625	23.4147432434979	14.4406855056717
245.212585449219	55.5559887992559	36.1470494889612
245.786239624023	8.38638450020045	28.430936032363
246.359909057617	-18.4905737040806	24.0159103700388
246.933578491211	15.2853368121756	3.47386980358054
247.507247924805	61.2036663741202	49.1012272465765
248.080917358398	10.4344228699002	28.6833942951104
248.654586791992	-0.559386632318677	19.3200471340188
249.228256225586	21.8285173046299	16.4451178249307
249.80192565918	25.3807307843523	47.1755599519153
250.375595092773	7.37630511202466	6.4128700634279
250.949264526367	-18.9889092367899	9.08812730199812
251.522933959961	37.0099831372186	59.835799078115
252.096603393555	45.9522063877194	44.7653535956491
252.670272827148	22.4242481970399	15.9498491318922
253.243927001953	-6.0754353044298	32.0753259180132
253.817596435547	-1.94539131192563	22.0432262458669
254.391265869141	12.5630338053339	16.2165400398872
254.964935302734	3.65047095686723	16.1703670066881
255.538604736328	-21.4847694534513	6.79202655606098
256.112274169922	-27.4179183447657	16.4308230178483
256.685943603516	1.70793550207938	17.0544559508876
257.259613037109	17.5012189591383	19.9668303965122
257.833282470703	9.34016623703202	17.3144660228059
258.406951904297	6.26482653542335	9.83379597035454
258.980621337891	9.49681526499004	15.55977329145
259.554290771484	-8.62949651078517	16.2752994927449
260.127960205078	-10.3661836574156	29.944981217146
260.701629638672	20.5754636328047	14.4045522457146
261.275299072266	6.17329464424985	38.120094802671
261.848968505859	2.52259020221097	24.6274478485715
262.422637939453	15.4173724583313	10.7873288317447
262.996307373047	-12.338789417054	37.346854255562
263.569976806641	-5.24891002919259	12.4995635300272
264.143646240234	16.4873310350232	22.3676731467753
264.71728515625	4.83068159368537	23.9373778888892
265.290954589844	9.6306955877911	16.7681775233195
265.864624023438	15.4219482870299	15.3684797087074
266.438293457031	2.71076174957281	9.62489169663815
267.011962890625	-11.927854302882	8.62185138810741
267.585632324219	4.64738245521858	17.5951077437666
268.159301757813	0.892124377985438	11.293328476854
268.732971191406	-30.0706082928289	10.2969976606556
269.306640625	-29.0718832256411	11.7821960458239
269.880310058594	6.27182427870567	8.02327118199606
270.453979492188	21.990563677058	16.9051139991989
271.027648925781	11.6193003647092	15.8276365374264
271.601318359375	5.29393830528274	11.3530319692568
272.174987792969	8.33235918201286	13.0498365677093
272.748657226563	20.6627234222839	11.5687364912347
273.322326660156	16.9404942673498	20.3259615141863
273.89599609375	-0.1307842495632	14.7145662802818
274.469665527344	6.89988678257529	10.8131182502348
275.043334960938	3.83396522920861	15.6760423550204
275.617004394531	20.1921233521684	28.7480266270587
276.190673828125	-3.63143225469919	18.8261084185497
276.764343261719	10.3112712110778	9.74001772301705
277.338012695313	-12.627474591896	8.18614440792505
277.911682128906	9.53733214556928	49.0954517241119
278.4853515625	21.1692879078117	29.7127435888297
279.059020996094	29.381565586283	14.0081234863955
279.632690429688	16.3168989060085	9.7046388993386
280.206329345703	-7.06537586272454	9.88344964225821
280.779998779297	-9.42596942704733	7.70508651675456
281.353668212891	4.84853339181532	5.93461699986208
281.927337646484	11.7662657301815	20.7819548614414
282.501007080078	5.31443107629947	15.5020176836286
283.074676513672	-2.96460511054781	8.84446903771285
283.648345947266	0.177917810313288	5.70773089457604
284.222015380859	13.7486505404092	5.82759538311116
284.795684814453	20.869694208236	6.10954482123854
285.369354248047	6.84681692311352	7.14860787840797
285.943023681641	-5.34035384938018	14.1636084331357
286.516693115234	15.5215871035209	16.7580872595051
287.090362548828	13.4982111528304	15.9029960340563
287.664031982422	8.45921783857397	14.6817953420975
288.237701416016	10.2077156872034	17.2601868075443
288.811370849609	-5.46864653145149	7.52368584824015
289.385040283203	4.9523235574275	3.58224612856844
289.958709716797	-16.972784380529	29.6357729855138
290.532379150391	9.22916321772468	9.50906808316324
291.106048583984	3.34377082958809	21.2442733383243
291.679718017578	9.9623519668331	13.1140053783519
292.253387451172	8.22424168066748	7.38811253501543
292.827056884766	8.35485440978278	11.5470008241641
293.400726318359	-7.03528279950508	13.9107546937886
293.974395751953	-3.23607268586426	2.27089809833759
294.548065185547	8.25456493669374	11.2843683739085
295.121734619141	2.00817073028015	11.0035209032899
295.695373535156	-3.49537944561905	12.1444299926249
296.26904296875	10.5886221457164	10.5924844177106
296.842712402344	18.2039991052572	12.1659688582148
297.416381835938	4.85139660885942	4.48616412488762
297.990051269531	4.47641422954935	7.88475058640087
298.563720703125	15.9420831031096	14.0722226149849
299.137390136719	16.7542839824569	7.62586088795852
299.711059570313	6.7986077763499	10.584712514336
300.284729003906	3.15969004345439	21.1925064089999
300.8583984375	5.60004197608268	6.77455658216254
301.432067871094	-4.34075179121418	3.95350176577476
302.005737304688	13.6897123561882	7.92468121442348
302.579406738281	14.9178457105624	18.9296251146803
303.153076171875	16.4236937683553	21.3596909504968
303.726745605469	6.58039884419825	13.2798221058863
304.300415039063	25.2288785016038	30.7327761531028
304.874084472656	-2.59029502512389	9.12393416793681
305.44775390625	0.423701708767428	9.87701994076555
306.021423339844	12.615476253273	9.37676989176311
306.595092773438	-1.23824990756327	6.38470554003639
307.168762207031	14.1830658716426	13.2394104195128
307.742431640625	-2.691454747814	6.1878265946858
308.316101074219	11.9354406795611	13.8405448988858
308.889770507813	6.29794136959701	8.58670202214121
309.463439941406	7.15265281494903	5.91381307895711
310.037109375	2.80510929471397	10.7883635887526
310.610778808594	8.92867680312561	15.829335644708
311.184417724609	5.31817698831785	12.735939940756
311.758087158203	8.28697469267514	13.1165796426803
312.331756591797	11.6074914583457	8.76657186284413
312.905426025391	9.10924430200462	7.33151116279412
313.479095458984	5.39859623311	7.83877092558154
314.052764892578	-0.631142217185992	4.10111999661763
314.626434326172	4.34612128170582	6.0601437314217
315.200103759766	10.913587494727	3.6482333617462
315.773773193359	-3.07529001854565	13.0105045943455
316.347442626953	-12.1365721427622	17.9478999427166
316.921112060547	7.35115402242434	5.63394090632632
317.494781494141	8.91672696090136	14.640947800496
318.068450927734	2.97786759060532	3.19267722188485
318.642120361328	7.59619779588845	31.53570672898
319.215789794922	-4.62063968234391	12.5541000146911
319.789459228516	-3.18502892995303	5.80228409522914
320.363128662109	-3.75415796870426	1.97091061685359
320.936798095703	9.03612111817036	11.7816948151861
321.510467529297	-4.84439571259478	7.03372498967679
322.084136962891	-5.36654467656428	11.102416805827
322.657806396484	0.88270891838196	5.55083830863299
323.231475830078	0.245794796405004	8.07730778061464
323.805145263672	9.48722465394004	8.15435262189866
324.378814697266	20.2717862683261	11.5340471892547
324.952484130859	9.51785482025794	6.67616618420514
325.526153564453	3.48793620158587	2.22500907094087
326.099822998047	2.96542095037351	5.09368182119088
326.673461914063	-0.766763512055265	4.14975434405961
327.247131347656	3.65791002846845	1.85591747248889
327.82080078125	10.7322675421735	4.70371521729593
328.394470214844	11.0552327360753	16.5834494500084
328.968139648438	10.7481826492728	7.48298802380178
329.541809082031	10.9351624662027	13.579977177276
330.115478515625	11.4315103938953	5.66276419699721
330.689147949219	14.5940439769991	1.60850106257804
331.262817382813	17.8626588810843	4.01786022157698
331.836486816406	23.0739120145572	7.76883083787176
332.41015625	16.2372068281112	5.32582126546688
332.983825683594	8.23001160498536	8.35513350831519
333.557495117188	17.9729241078681	4.74550310350965
334.131164550781	26.0874144477865	7.72934637756895
334.704833984375	22.6981203779292	3.99949597327663
335.278503417969	22.9412895002921	6.29979677028217
335.852172851563	23.2478327273701	3.68201245025304
336.425842285156	17.7158430916682	6.60216933264858
336.99951171875	28.8726454445892	4.37374959134611
337.573181152344	28.3564902557346	10.6379542186193
338.146850585938	20.5828465635412	4.31502518988414
338.720520019531	16.5383877920516	9.35767130023812
339.294189453125	16.7294611195211	4.79248316674384
339.867858886719	29.3392391807247	10.2330926151145
340.441528320313	29.331915589708	4.7668381434669
341.015197753906	24.9393018511591	2.77228211417738
341.5888671875	28.7803581306384	8.14819501074714
342.162506103516	32.8575193665202	10.1432477996955
342.736175537109	26.2703674879138	10.1512410632832
343.309844970703	25.4180096582496	8.47598480634045
343.883514404297	30.2222689080864	10.8541289787934
344.457183837891	30.9656973209417	12.3611168557497
345.030853271484	30.2007389899286	10.4549505037868
345.604522705078	29.926407183962	10.5072921083986
346.178192138672	26.4767170301493	14.2501298681385
346.751861572266	25.2187863718183	13.4497623962783
347.325531005859	28.6877573623935	7.85602576323882
347.899200439453	29.5817063005644	10.3687039495843
348.472869873047	29.1634493051375	10.4006360519577
349.046539306641	29.9992738774071	9.65060828424961
349.620208740234	31.9284025309235	12.7193455542516
350.193878173828	31.1904884087663	12.6269202482215
350.767547607422	26.1124291160604	8.91538050632706
351.341217041016	37.6571742234577	16.6365947755249
351.914886474609	32.6578907746299	9.44266817465326
352.488555908203	28.7007830042518	19.6462526704853
353.062225341797	35.2895869937632	13.693862653603
353.635894775391	43.5734588242188	13.3047082696644
354.209564208984	35.6824816645722	11.8971800977814
354.783233642578	31.8447727784227	8.22987788971776
355.356903076172	32.2642862838124	11.0470443873489
355.930572509766	34.2359751467202	8.48593133513568
356.504241943359	38.0787636837733	8.06845852556705
357.077911376953	39.3453603805567	11.2301580069566
357.651550292969	39.1801529301	13.0254367852396
358.225219726563	32.341710840526	11.3953191890008
358.798889160156	34.4739626407371	10.8192325428594
359.37255859375	35.2675217291782	11.1389759998909
359.946228027344	38.7649451051787	11.2024281376249
360.519897460938	41.9582583557126	7.71940138150048
361.093566894531	41.2344720342399	6.97358752906269
361.667236328125	40.8412246451334	7.31965084196737
362.240905761719	36.0185865213632	7.57499453240912
362.814575195313	35.3702000327683	7.45967318917193
363.388244628906	41.1918928398776	10.6641032294946
363.9619140625	43.7308926405057	10.7433637013323
364.535583496094	44.3612198198941	9.71226644028105
365.109252929688	38.3934028390456	13.8197682998493
365.682922363281	35.8434939809264	13.4320528497935
366.256591796875	39.5173357131084	13.0692760923479
366.830261230469	38.5000653354404	14.1740703022103
367.403930664063	41.6844588608653	14.4376630425663
367.977600097656	38.7200029730753	18.4046493617913
368.55126953125	43.8246342350677	12.1364824078253
369.124938964844	34.7039603637233	16.6905020203582
369.698608398438	38.2993730461236	12.1772761968446
370.272277832031	42.3387160613684	10.5376257982506
370.845947265625	41.4462821660541	17.414516870869
371.419616699219	36.2510152326464	14.3307647098791
371.993286132813	37.2605390061217	12.5239340928727
372.566955566406	43.4507828216352	13.9966772347301
373.140594482422	44.1234984147524	11.3426278548292
373.714263916016	42.8523863713245	14.9949029222177
374.287933349609	40.1866727484882	9.47706010767593
374.861602783203	41.3218970040939	16.9205193701773
375.435272216797	45.1216773003162	13.7746979422358
376.008941650391	46.2574747324951	13.7499434282769
376.582611083984	43.6453539672843	11.7703907276583
377.156280517578	44.5097238243487	11.3788060645692
377.729949951172	43.7542600765802	10.9714299082298
378.303619384766	43.9189847112755	12.899577098599
378.877288818359	42.5792528004806	15.7084596235628
379.450958251953	41.6581066038343	17.8599137669944
380.024627685547	44.1369868196841	17.4455760509037
380.598297119141	45.8749164149009	14.9514559138327
381.171966552734	45.0378011911663	15.1816068779612
381.745635986328	46.9800859235275	15.8594291803898
382.319305419922	49.821453599799	13.5855910752902
382.892974853516	49.0354764620675	13.9723886086502
383.466644287109	48.9151597844294	15.3873019231035
384.040313720703	48.2972452082991	14.2901390299042
384.613983154297	48.1127822107579	15.5408884128197
385.187652587891	47.8138585027396	16.9905157494241
385.761322021484	47.6489276108274	15.761409014895
386.334991455078	48.1262525937683	17.9929100927658
386.908660888672	45.8798726327512	14.8561696423281
387.482330322266	43.5610205196375	18.1439517902793
388.055999755859	50.0454364116091	20.9246642844694
388.629638671875	48.8216686561661	15.1774543783548
389.203308105469	47.832426089321	14.9728145353571
389.776977539063	49.8186723411449	12.6992451486722
390.350646972656	49.4700675084811	13.7541640193641
390.92431640625	48.0588531469351	17.1498716194877
391.497985839844	50.7965800187127	20.6207653322194
392.071655273438	53.2550743009427	14.1989427916202
392.645324707031	55.2637511977182	13.8708466346042
393.218994140625	53.9180625906978	15.1995011466019
393.792663574219	54.5158538222926	16.6133254330658
394.366333007813	53.1721109201773	15.4620266629421
394.940002441406	51.9745343692744	18.3177474396203
395.513671875	53.9854243129093	17.6949207077799
396.087341308594	56.2412336475215	16.1365113197831
396.661010742188	57.9443605359727	15.5536350134354
397.234680175781	54.6145478081795	17.0533862651275
397.808349609375	54.8346943996634	18.5817259303315
398.382019042969	56.382668877706	19.0491725514648
398.955688476563	55.7680842862122	18.385319219488
399.529357910156	55.6684666731389	15.9447585531363
400.10302734375	55.312434527436	16.7425010165567
400.676696777344	52.9239455286829	19.8286945136564
401.250366210938	52.4802535026918	17.6397461662415
401.824035644531	54.2169613709168	15.5881615112037
402.397705078125	53.03615726106	18.2562852486984
402.971374511719	52.4778835061238	17.9846508518069
403.545043945313	53.3831402359742	18.7654685638939
404.118682861328	54.398584750621	17.8163172373695
404.692352294922	54.2948780684428	18.5638840603386
405.266021728516	56.6735065978813	15.9772597924723
405.839691162109	55.3417157297744	18.4682001250214
406.413360595703	59.4242642475954	16.0577449782985
406.987030029297	56.8052547866432	17.0651439273379
407.560699462891	56.6901649963029	17.9442779331689
408.134368896484	56.2212833718428	17.0264961061355
408.708038330078	60.0112453788542	19.0069834382567
409.281707763672	54.5695421805367	22.4133323342488
409.855377197266	55.2626263223991	17.5380023938939
410.429046630859	57.4210646332767	18.1403616176498
411.002716064453	57.5625284641135	16.3625674034202
411.576385498047	60.1874459572501	18.5362881927809
412.150054931641	62.652048029249	19.3508178091674
412.723724365234	61.9341459138749	18.0428059586128
413.297393798828	60.1878247765538	20.7649804167256
413.871063232422	58.3559690745858	17.9839203099371
414.444732666016	58.0036880608069	17.2117763545669
415.018402099609	58.4233416288924	18.6935820833536
415.592071533203	60.5385836574459	20.2318090383129
416.165740966797	62.251476959199	19.7910937690463
416.739410400391	63.6021084209265	18.9460921008751
417.313079833984	61.4593248121843	19.1314305540711
417.886749267578	62.8419533812848	20.945878387983
418.460418701172	63.5183319236609	23.5686059287585
419.034088134766	64.5844639569246	21.4861923963666
419.607727050781	67.1756900039388	19.0910138541629
420.181396484375	66.2036600892169	20.3149900754345
420.755065917969	63.5236979379429	18.4491354041042
421.328735351563	62.9548574965561	16.6402036283839
421.902404785156	63.3192241589693	18.4443034782879
422.47607421875	63.3387610067837	19.4086496189108
423.049743652344	64.3613637118276	18.4628030974756
423.623413085938	65.4820115342155	17.5474380716904
424.197082519531	65.3255440738341	18.8161244085638
424.770751953125	66.7900477191412	21.3976452507323
425.344421386719	64.2112978860546	21.1214990441987
425.918090820313	67.2819514071431	18.927764440195
426.491760253906	66.3078725643884	21.2579251138348
427.0654296875	66.0072711790578	19.3009747200519
427.639099121094	67.4168029854267	20.0186958142571
428.212768554688	68.1261455748419	22.7865292016082
428.786437988281	65.1846213229755	24.3149758420838
429.360107421875	67.9928712947672	20.6664978495778
429.933776855469	67.9732532242457	23.5987510208452
430.507446289063	68.3795202016275	21.0955798555273
431.081115722656	68.1357985071489	18.6836490833883
431.65478515625	68.9364697176611	18.7523928517462
432.228454589844	68.2592183345911	21.9664554803562
432.802124023438	68.7411640264604	21.1104888091124
433.375793457031	68.228179870099	20.7889522818493
433.949462890625	71.3272396426744	21.7669165014221
434.523132324219	71.2341745563554	21.1409074783677
435.096771240234	71.8669462232926	22.5257835295719
435.670440673828	73.3755250796854	23.2862445759535
436.244110107422	73.1348942234632	19.4125698749149
436.817779541016	76.7065492566689	22.0372058639481
437.391448974609	77.4800401470067	23.612329931624
437.965118408203	78.7649189911679	22.5905792863668
438.538787841797	76.9311250000459	22.6687192066481
439.112457275391	76.3509812304556	24.1100819103571
439.686126708984	74.9030458230234	25.6312787381892
440.259796142578	74.1929502335918	23.9024570899944
440.833465576172	75.8311982721684	22.7322356871531
441.407135009766	75.1797949415868	23.8453287902001
441.980804443359	74.0375283494151	25.141643959219
442.554473876953	74.8912979870595	25.7964656462618
443.128143310547	75.4315847552875	25.1777914817802
443.701812744141	75.4269329709133	23.5546486348358
444.275482177734	76.3729671984141	23.7133346073501
444.849151611328	77.8011604171071	24.7559868191865
445.422821044922	77.6238460616675	23.9648537830115
445.996490478516	77.7815003171377	24.8909511636997
446.570159912109	80.0179065492759	22.8782021887219
447.143829345703	79.576756545	21.8541680288031
447.717498779297	75.6576022017045	21.2132090089287
448.291168212891	81.5691438279461	26.0066358895532
448.864837646484	87.7688979016476	26.5585314959548
449.438507080078	100.225753586851	27.8941168634373
450.012176513672	94.8492986761974	30.4203168897427
450.585815429688	89.3590268530278	30.2515572261682
451.159484863281	89.2516173917401	25.8989409699585
451.733154296875	97.7406064316432	29.6153383327375
452.306823730469	88.6088169409082	27.0966700695879
452.880493164063	85.996837110781	28.3017042363802
453.454162597656	86.0973089059923	28.2219390453399
454.02783203125	85.8584301909812	27.581334959467
454.601501464844	83.4952367916012	28.9060172455461
455.175170898438	85.0234231197486	26.0834615561502
455.748840332031	85.7059824555783	27.3349598464447
456.322509765625	88.8057291472009	28.3654935424504
456.896179199219	90.4905729393154	27.3555158958339
457.469848632813	90.9538018193929	27.7666168543781
458.043518066406	93.0312877829179	25.8258995471068
458.6171875	93.0678068903546	29.6511437554978
459.190856933594	93.5784420438199	27.6154740429527
459.764526367188	92.5851861449298	28.9011615490352
460.338195800781	98.2020569960275	26.5388454397147
460.911865234375	101.668707049408	28.2708274957604
461.485534667969	106.029518809078	29.8139739652204
462.059204101563	109.086242592387	30.1097922376717
462.632873535156	108.470271538838	28.9901262468696
463.20654296875	103.391029814207	30.0343006567126
463.780212402344	101.375083685675	30.9269435176367
464.353881835938	101.088473919355	30.8571592661846
464.927551269531	101.826103866743	30.4641298486615
465.501220703125	104.382269849028	29.0796945858089
466.074859619141	114.677606645778	29.7298983954442
466.648529052734	130.969483394791	31.3123486675576
467.222198486328	136.967382374669	33.5345820501856
467.795867919922	132.604207883932	35.5982630160669
468.369537353516	126.204958670443	34.6392288769524
468.943206787109	117.053065594432	33.9852374687302
469.516876220703	109.984955854736	33.5149549330781
470.090545654297	107.475585498018	32.2140591148257
470.664215087891	103.192859301003	31.5163459300512
471.237884521484	100.58343369872	31.9157689093447
471.811553955078	105.579683877034	31.5536672407296
472.385223388672	118.111336079636	34.1624740381386
472.958892822266	122.473199254831	35.6272934606159
473.532562255859	108.007156988604	32.4529589822886
474.106231689453	97.7159384003952	30.7890943972159
474.679901123047	95.8612738980895	28.365803193283
475.253570556641	93.3241771098689	30.0709203893921
475.827239990234	92.4024778013037	28.5228814070973
476.400909423828	90.6409935481642	28.3337324684379
476.974578857422	89.8107364174011	27.4064103490733
477.548248291016	92.7880772562731	27.5327071616918
478.121917724609	95.351177480492	24.9722942792589
478.695587158203	97.9284544935964	28.4880627410519
479.269256591797	96.4105739074617	27.4657830243367
479.842926025391	102.287319018136	28.6821467146173
480.416595458984	110.49799352759	30.5095841165718
480.990234375	110.561511682019	30.4045911545676
481.563903808594	103.696123462815	31.101198726705
482.137573242188	105.444536025573	30.0188531840615
482.711242675781	103.284690320935	30.2577805650118
483.284912109375	100.646888359951	30.0050395089359
483.858581542969	98.4255377353207	30.8498560423862
484.432250976563	94.1766480693922	29.2541181604402
485.005920410156	93.3569826614708	27.8528075049412
485.57958984375	92.4019824895903	28.4372380995482
486.153259277344	88.3648467858272	27.5462702873646
486.726928710938	90.7346585281538	26.9771517894748
487.300598144531	91.3559863710779	26.6115050461614
487.874267578125	91.0568934753588	27.231317361235
488.447937011719	90.0331916167738	28.7061161204491
489.021606445313	90.5566018718107	29.8722144794299
489.595275878906	92.6395605724771	29.5150359768442
490.1689453125	96.7452985620641	31.9317212930817
490.742614746094	103.979746348195	32.2618292300258
491.316284179688	108.344478434774	30.91275103048
491.889953613281	108.102563730669	31.2160371259884
492.463623046875	106.675506673815	30.2719193549594
493.037292480469	103.812140288562	30.793891084887
493.610961914063	99.1914419508586	31.5820770826556
494.184631347656	93.5504690028468	31.048211311843
494.75830078125	90.979668164537	30.9347479586301
495.331970214844	90.9054253265691	29.5881354959221
495.905639648438	89.8129043189085	27.454028844979
496.479278564453	89.8454409084846	25.3770710985891
497.052947998047	87.7139350060965	27.2296139046842
497.626617431641	89.3385984360428	27.2152581999297
498.200286865234	90.4562803521071	27.3027557281447
498.773956298828	91.4503243455924	27.9615794503079
499.347625732422	93.1756159564769	26.977550767027
499.921295166016	89.595996000855	24.1526004265692
500.494964599609	90.634920097593	29.4988205982207
501.068634033203	91.6070643034543	28.4575467387496
501.642303466797	91.8109928397309	29.5161957378925
502.215972900391	93.3878408151702	28.8642050256488
502.789642333984	89.9910395991934	30.7448638799173
503.363311767578	91.0583836285487	28.08053499557
503.936981201172	93.2853475354884	27.1380394790423
504.510650634766	92.6862319897864	30.7715287598821
505.084320068359	91.5850716359462	30.005480223805
505.657989501953	94.5095170155845	29.3287564621563
506.231658935547	94.9218720792231	26.0079600362422
506.805328369141	92.2497194645559	33.7222802125408
507.378997802734	96.0590817325596	28.4189554100157
507.952667236328	97.7727889377828	27.0160892215993
508.526336669922	94.5521308482825	28.1690590063558
509.100006103516	95.7623376068985	28.5156982863177
509.673675537109	93.9895931385366	29.4911561541755
510.247344970703	93.6497230681151	31.3839861520007
510.821014404297	90.8951646011907	31.3670485290946
511.394683837891	89.2729521200525	28.876308143845
511.968322753906	90.2276767714585	22.0733679369186
512.5419921875	94.89366111114	27.3785003091382
513.115661621094	90.9719871930652	26.912253850525
513.689331054688	92.04087498704	26.5843314884044
514.263000488281	94.2642951592466	27.8877113443668
514.836669921875	97.0462712326534	26.8870693534232
515.410339355469	93.745103065766	27.9916630650125
515.984008789063	94.3896201836301	32.2630218596726
516.557678222656	95.7474325587585	25.9576055020232
517.13134765625	94.1130554705946	25.8938364295642
517.705017089844	99.0454534074188	27.8223405266497
518.278686523438	97.6020054064553	32.008865633024
518.852355957031	97.7553126521677	31.5219164641279
519.426025390625	100.026156915135	29.4172838803717
519.999694824219	96.777050606847	27.6273641102309
520.573364257813	95.3610920850585	29.1533442727741
521.147033691406	96.8815056201401	30.9967387690493
521.720703125	97.4593800561608	30.977466679248
522.294372558594	99.8582111721691	29.9072995389107
522.868041992188	101.479924069193	30.1965140317743
523.441711425781	99.5307454709079	29.4224093839963
524.015380859375	98.1402654391709	31.3545166712976
524.589050292969	98.5411607064667	32.2428506051705
525.162719726563	100.387050886563	27.9562752127723
525.736389160156	102.929322220544	27.5089433204903
526.31005859375	102.430874809401	29.2160060848786
526.883728027344	98.5420230367819	28.4389084045081
527.457397460938	97.8627654151259	27.8251712089327
528.031066894531	101.083377949748	29.6342081702462
528.604736328125	100.467385244828	29.6590100210757
529.178405761719	98.6715030709532	31.7151441541518
529.752075195313	98.0464910112339	29.822703208437
530.325744628906	98.9972119674154	25.8931669945012
530.8994140625	97.6950597388477	25.9542545002761
531.473083496094	99.8217946299777	28.6327832623208
532.046752929688	101.518334141734	32.1838839933961
532.620422363281	101.974688708623	33.403302127201
533.194091796875	103.888324321832	31.6837772504901
533.767761230469	105.631027385821	32.649271624065
534.341430664063	103.937830710875	31.1681133277527
534.915100097656	103.299654960152	31.3198240905369
535.488708496094	103.713569452739	32.6653856349302
536.062377929688	100.949752381009	30.1436350054381
536.636047363281	103.467210951212	32.0586329747676
537.209716796875	102.854750667958	27.8736278554028
537.783386230469	102.270176840021	26.580235043353
538.357055664063	98.2266809400984	28.2276475035932
538.930725097656	98.9849208138562	31.3924095596016
539.50439453125	102.127250769337	30.7685802590456
540.078063964844	101.106562414206	30.3404891847328
540.651733398438	103.879910099057	29.7950876467957
541.225402832031	105.909364702521	28.417676440693
541.799072265625	105.031297632632	26.1443555685218
542.372741699219	105.427835222305	32.9630502875832
542.946411132813	103.951506261873	30.7707031546254
543.520080566406	103.344481773176	32.9200400753935
544.09375	105.972415472611	30.7011397065001
544.667419433594	106.183231551697	31.279767234847
545.241088867188	105.698878492195	31.5023877211358
545.814758300781	104.968431457243	31.1073473551008
546.388427734375	103.686831636705	32.3106609699251
546.962097167969	106.206415384603	29.5137030273709
547.535766601563	103.278089671616	33.6206048983002
548.109436035156	103.302377186396	27.0182221815173
548.68310546875	101.837615409356	29.5479943820277
549.256774902344	104.241960316015	31.3363534994491
549.830444335938	100.980139766304	30.3166909651311
550.404113769531	104.364008946077	30.6174468100802
550.977783203125	106.665422739305	32.9484161657906
551.551452636719	107.754756651819	32.1879765812749
552.125122070313	108.00835913414	30.1984777579117
552.698791503906	106.419902843611	32.4523639488566
553.2724609375	108.137957943566	33.9490057927233
553.846130371094	106.953862037078	35.0795551291934
554.419799804688	108.903014338211	34.1195191414434
554.993469238281	109.117120478135	32.293459012894
555.567138671875	106.613906576404	32.3678194207398
556.140808105469	104.361865980519	29.055505797375
556.714477539063	104.844018754862	29.4048463604579
557.288146972656	103.78105238498	29.0878582257426
557.86181640625	101.717676984974	28.1469746825625
558.435485839844	96.1782201517217	28.8993898910316
559.009155273438	96.681110707887	29.6590733406522
559.582824707031	97.590797906075	28.9001839162637
560.156494140625	98.1550286706561	28.9693319538245
560.730163574219	99.0198676022159	29.5813414161553
561.303833007813	99.755989343309	29.6337478798588
561.877502441406	102.144098431359	29.1883944243135
562.451171875	101.82751109366	30.397431867197
563.024841308594	103.61711540704	32.1296390779557
563.598510742188	104.695667068057	31.3787813885084
564.172180175781	103.588700607423	30.3773577011335
564.745849609375	104.713801909972	31.2690653030604
565.319519042969	105.091603695746	31.7356435985429
565.893188476563	104.052896068725	32.3240487938979
566.466796875	102.89768840968	33.9616051200918
567.040466308594	105.123000688111	32.3288027306131
567.614135742188	105.220375112104	30.0291573935819
568.187805175781	106.440457969537	31.6722696129898
568.761474609375	106.585224523294	32.5642082529723
569.335144042969	104.081273129132	29.0201233115773
569.908813476563	103.317676105551	29.0165365814076
570.482482910156	104.921758083549	31.0403676148345
571.05615234375	106.478235574229	27.938911229298
571.629821777344	103.782011047034	28.7915408556071
572.203491210938	104.498130624905	32.2772740482713
572.777160644531	105.951453877551	32.5080885885638
573.350830078125	105.288357964974	31.9246498368333
573.924499511719	104.370523300991	29.1649311014731
574.498168945313	103.714059669951	31.1961882591199
575.071838378906	101.32205952114	33.1062869664959
575.6455078125	101.954261598757	29.5818613660599
576.219177246094	101.290895142067	32.1603791625821
576.792846679688	103.786713020322	32.5204092545712
577.366516113281	105.55292444898	28.7150109724812
577.940185546875	103.977220135443	33.2634195425113
578.513854980469	104.5530923998	29.4910162241833
579.087524414063	101.656415199104	24.6320788984263
579.661193847656	104.641202980729	30.2917663805364
580.23486328125	104.811377788808	30.842124349357
580.808532714844	101.360838548355	35.0898714501563
581.382202148438	105.83966597806	33.0293624576036
581.955871582031	98.9697640053302	30.2367225660948
582.529541015625	105.390943042932	29.2788475410671
583.103210449219	101.192647840891	30.962925243143
583.676879882813	101.643313598229	28.9204337662209
584.250549316406	98.0809182258285	33.9551400079138
584.82421875	102.920508728707	31.6330911898188
585.397888183594	103.055345742938	29.3277035655898
585.971557617188	104.190878587162	28.5002675588992
586.545227050781	105.899751974742	30.9961524296331
587.118896484375	108.451404561795	30.7529821854185
587.692565917969	112.590838325531	30.9532074306387
588.266235351563	113.806971943727	31.7512178039944
588.839904785156	113.697128473075	30.697415460457
589.41357421875	108.342911585186	37.5566122594845
589.987243652344	113.266376861776	29.7154479947611
590.560913085938	109.257427678558	34.7886924348063
591.134582519531	107.110262210582	30.2869349492456
591.708251953125	105.794296612541	29.6635950176574
592.281921386719	105.069669677975	29.7098475118598
592.855590820313	102.109257959525	28.9815541153019
593.429260253906	97.8877106793597	26.7043148954435
594.0029296875	103.673710232344	26.4770883245283
594.576599121094	101.75214328037	29.676953326131
595.150268554688	96.9971318048654	28.0934036134185
595.723937988281	101.131621197699	26.887498009187
596.297607421875	103.479202447361	30.2002541139045
596.871276855469	100.994729200092	28.4278607920163
597.444885253906	105.079313213897	29.7602843076301
598.0185546875	106.374111896209	29.5950256943459
598.592224121094	108.495799466666	32.4117522930861
599.165893554688	108.735085451165	29.9892406060138
599.739562988281	105.496215678552	30.089770476888
600.313232421875	103.145785514912	32.1016383413059
600.886901855469	105.778684634737	32.5377620769922
601.460571289063	110.823209916444	27.6138311609815
602.034240722656	104.91734401379	30.1207605836974
602.60791015625	100.610506958861	30.992411256432
603.181579589844	102.632515512151	30.2706139756642
603.755249023438	102.002091142222	29.4032460560728
604.328918457031	99.5430814642125	30.3109417628642
604.902587890625	100.922701319408	29.5420025668971
605.476257324219	101.676118043286	29.8576469809056
606.049926757813	102.510067986817	29.4670780051463
606.623596191406	103.935674684408	30.2870851092429
607.197265625	104.59537985129	29.9087746599678
607.770935058594	105.8551085582	32.922673559861
608.344604492188	104.828025935715	32.924670728034
608.918273925781	103.973403474974	31.3776931245989
609.491943359375	104.263026374234	33.5238405543078
610.065612792969	106.95827936629	34.2579405043222
610.639282226563	103.730549358779	32.0137140166073
611.212951660156	104.317320921091	28.1267210808007
611.78662109375	104.63099964212	32.1230560568025
612.360290527344	102.462227400819	34.7696137074821
612.933959960938	107.229012314523	27.8121913014063
613.507629394531	103.826787078426	23.9211522678533
614.081298828125	101.371010421618	28.0490800624235
614.654968261719	103.44761199473	31.2058091276189
615.228637695313	106.546955221396	29.6019752656483
615.802307128906	106.132456175186	30.6035084134214
616.3759765625	104.447863294374	33.2401886462828
616.949645996094	108.676002687083	30.0616665961365
617.523315429688	108.889361929532	31.9039395045713
618.096984863281	108.677774479148	32.0992914028277
618.670654296875	108.662580830863	31.0240672001549
619.244323730469	106.92807748488	29.9083651251691
619.817993164063	107.077855081972	29.3931390047545
620.391662597656	107.2593157141	32.0624910454185
620.96533203125	107.022548670897	29.9557979190813
621.539001464844	107.130764641551	28.1192334457536
622.112670898438	108.708773349337	29.4388281517031
622.686340332031	105.539739754841	30.1933026726778
623.260009765625	104.262549035227	32.6473814698599
623.833679199219	109.809983992389	33.3620673342473
624.407348632813	111.367422508483	31.6213965432736
624.981018066406	108.297648857831	30.884355264346
625.5546875	109.692829820779	29.6909673016415
626.128356933594	109.63803904694	31.2038581160233
626.702026367188	111.021543560107	31.8836143432068
627.275695800781	109.453023566483	33.51553449882
627.849304199219	105.33769716327	34.2108860706045
628.422973632813	108.389059382877	32.3307725081972
628.996643066406	108.410116199899	31.7522480718389
629.5703125	106.965955276852	33.0853099482952
630.143981933594	102.885753387113	32.9223816911806
630.717651367188	101.686598302524	28.4167252216884
631.291320800781	105.531524856582	27.663392761973
631.864990234375	110.312293437592	24.7783521616089
632.438659667969	110.801687239898	26.713968463106
633.012329101563	104.138042314774	29.9634101084499
633.585998535156	104.249450361686	29.3152896009625
634.15966796875	107.752378363043	32.2738128954689
634.733337402344	109.607400921449	34.0391259287158
635.307006835938	109.441453429623	33.5028577456386
635.880676269531	104.594306007246	30.0952655189486
636.454345703125	101.795266760958	29.2702528975193
637.028015136719	103.711615085506	32.0403264431352
637.601684570313	106.283057652817	31.983615033653
638.175354003906	104.912611623761	33.2550573950653
638.7490234375	103.821198952561	32.4611974308582
639.322692871094	101.84508552147	32.5741890470358
639.896362304688	101.070957458688	32.5755501400714
640.470031738281	104.507240415435	29.7589918438639
641.043701171875	101.993872907571	34.8545797352306
641.617370605469	104.174684544176	35.0469599779259
642.191040039063	103.994887883532	29.0570410506994
642.764709472656	103.794784100647	31.5566950105433
643.33837890625	100.181973510826	31.6011852027984
643.912048339844	99.5469957351133	29.5800424710351
644.485717773438	103.307985135068	29.9248057963199
645.059387207031	102.717261023954	32.0665182222538
645.633056640625	103.515243365053	32.2313331682079
646.206726074219	108.031836331597	31.6976318243824
646.780395507813	111.51983718733	31.8323854416506
647.354064941406	111.604227913723	30.9170363941695
647.927734375	110.981628455038	31.1524980688306
648.501403808594	109.940898644315	36.7296193493121
649.075073242188	105.541958390587	38.6600257869236
649.648742675781	111.976023695473	33.4571843609717
650.222412109375	112.264228218738	31.9393767610736
650.796081542969	107.049076502952	32.5704194395857
651.369750976563	104.431093038401	32.9821099992208
651.943420410156	106.620482018971	35.9122326895652
652.51708984375	107.469874450952	32.9057927939858
653.090759277344	108.144421716535	30.5662633502776
653.664428710938	102.019598103348	33.4953342296545
654.238098144531	101.297491315173	33.6303954349422
654.811767578125	101.019388377972	29.470265603089
655.385437011719	102.451826290091	24.1956208471069
655.959106445313	101.062814810108	27.7117756635313
656.532775878906	97.7189734139422	26.830804924687
657.1064453125	93.5750080985718	23.0918420810018
657.680114746094	99.9885053220244	28.7252928716636
658.253784179688	99.4989103520791	32.7356336824219
658.827392578125	102.047936493082	30.6897644344245
659.401062011719	100.382567905627	32.0969337119403
659.974731445313	98.7942919962144	25.8151266400007
660.548400878906	97.7119366850106	23.3369593440988
661.1220703125	97.0639543536665	26.6832830987724
661.695739746094	102.34647434562	30.4729688726409
662.269409179688	102.97379194176	32.4252821536131
662.843078613281	100.903912611233	31.3597465024618
663.416748046875	102.773766275502	36.511038930767
663.990417480469	97.5563724227567	34.4548928501299
664.564086914063	99.0505463401672	29.2604813545065
665.137756347656	98.896737495231	30.0790000232089
665.71142578125	103.75828050595	28.1402532022055
666.285095214844	109.171359642405	28.6498741182376
666.858764648438	107.592157601704	28.4557352475249
667.432434082031	112.16925723372	31.4195210152551
668.006103515625	114.886315089286	34.2601603747948
668.579772949219	112.538056987103	33.3161042569144
669.153442382813	112.332197798549	33.2091362781695
669.727111816406	110.702910528957	31.5449803445655
670.30078125	114.714464184893	35.25915132622
670.874450683594	111.442102289754	33.5344673482634
671.448120117188	108.69108532113	28.994407268905
672.021789550781	106.321468979937	29.431823503289
672.595458984375	106.424340892276	28.7167665539602
673.169128417969	102.143995359053	27.7514302416282
673.742797851563	99.1164412291557	27.7998381334489
674.316467285156	101.158057013156	28.7163030867503
674.89013671875	99.7847756246977	26.9532500436781
675.463806152344	101.074234014908	28.7840487662942
676.037475585938	93.6657335675436	37.3811915021146
676.611145019531	101.619221738151	21.6672737070607
677.184814453125	105.770943004073	28.4576488464286
677.758483886719	113.940910372622	33.2773546933356
678.332153320313	109.420795438399	35.9315485978791
678.905822753906	108.609720243858	33.1645034969215
679.4794921875	112.906011703456	30.8291306019719
680.053161621094	107.053521825053	29.521259327583
680.626831054688	108.146392763515	34.5373057409412
681.200500488281	110.001278701233	32.9125057391758
681.774169921875	115.953714709992	26.0963564595469
682.347839355469	118.479052361216	30.6179661501423
682.921508789063	124.090101996278	34.876365087675
683.495178222656	121.916401783482	37.5207850234852
684.06884765625	120.114332078146	36.7105438159336
684.642517089844	116.478152133036	33.1730126645926
685.216186523438	120.400604523329	36.936520364435
685.789855957031	120.615074420485	36.6608820055112
686.363525390625	117.008643915614	39.6501243720119
686.937194824219	127.364675999509	30.6920075280979
687.510864257813	129.188778205745	31.5484866341075
688.084533691406	129.607187139003	34.6506357869423
688.658203125	128.248247632084	35.2915342552574
689.231872558594	124.735378298889	31.9537177979387
689.805480957031	119.415523672483	27.1472778534573
690.379150390625	119.37845115642	35.5549557678236
690.952819824219	117.53273313728	35.153229821556
691.526489257813	115.567168119369	31.7381312079909
692.100158691406	111.334641586292	32.8162338609819
692.673828125	105.978329040205	30.8061426199353
693.247497558594	103.795293203589	27.2682887413673
693.821166992188	101.481847883868	29.231616995838
694.394836425781	98.2103923897885	32.6885467354958
694.968505859375	98.3644559888909	27.3635760509096
695.542175292969	93.6462827673467	22.9835995100626
696.115844726563	100.725281036459	26.7111735948633
696.689514160156	103.441274593685	27.8666607735115
697.26318359375	99.4000798343591	31.9864701449408
697.836853027344	102.682676422295	28.1162628901664
698.410522460938	101.176845331855	25.2271635360778
698.984191894531	93.9776597412693	24.728580249071
699.557861328125	97.0578926792811	32.8586837590146
700.131530761719	102.552181806908	30.048738718812
700.705200195313	99.1269933656435	28.2702045726523
701.278869628906	95.6078278038196	30.6336274535986
701.8525390625	96.1800555571394	26.1758703263938
702.426208496094	94.2444572205393	29.2737365885562
702.999877929688	95.946569248943	28.4648579942967
703.573547363281	99.3885521157747	25.6145916149997
704.147216796875	96.0040319018202	30.2975234446753
704.720886230469	90.2695940591541	37.5774443546789
705.294555664063	89.7171482275128	32.7392281049373
705.868225097656	100.793762693816	28.0378831962182
706.44189453125	105.046388374673	30.6392872027774
707.015563964844	107.424898606942	28.645641148632
707.589233398438	104.707491122876	27.3102110096384
708.162902832031	100.404187302818	25.6231242606883
708.736572265625	98.5975470565817	26.5577472275817
709.310241699219	105.61793025611	34.8643871769914
709.883911132813	110.404862071534	34.7682723795601
710.457580566406	115.717248876723	27.9694440375417
711.03125	112.784145584396	22.6748379413597
711.604919433594	109.775416936198	25.0249128879829
712.178588867188	115.743047838378	30.042857581627
712.752258300781	119.372262674802	29.089441300564
713.325927734375	114.217169932667	31.1811793031469
713.899597167969	110.902838702414	30.4257811252988
714.473266601563	109.808919932894	27.1299956673838
715.046936035156	106.142145682001	28.8696278016588
715.62060546875	106.347774616387	32.8969442114147
716.194274902344	105.369023176454	30.6227318196369
716.767944335938	103.146047371263	25.8945953148823
717.341613769531	101.266183743661	26.4873979293987
717.915283203125	103.303933468481	29.3518033765735
718.488952636719	104.122221224285	30.2676604869967
719.062622070313	96.3980829835357	32.2298365907604
719.636291503906	91.8256364629892	30.6771109234865
720.2099609375	99.1823508487398	32.1434427361811
720.783569335938	96.5697155243252	28.9406606085876
721.357238769531	95.9200820316904	26.1571904320663
721.930908203125	100.984239572237	27.6292099286458
722.504577636719	103.622414182523	27.811199070944
723.078247070313	95.7869206339673	30.0334895491496
723.651916503906	93.4334168866669	32.2255782652669
724.2255859375	92.007060492148	24.9652359456094
724.799255371094	94.2159001953051	26.5062663959662
725.372924804688	101.843703152127	29.7277800865708
725.946594238281	105.527670801362	28.6803933574827
726.520263671875	103.405538635193	29.4869066446335
727.093933105469	102.635983667903	31.3274634196472
727.667602539063	105.226193322137	28.5385495904549
728.241271972656	104.234787539384	25.3309876251344
728.81494140625	107.855009719524	30.9661367207418
729.388610839844	106.133632248344	33.6932468286482
729.962280273438	106.801882667206	32.1745580008225
730.535949707031	114.950670132876	31.8775905019346
731.109619140625	120.941004970366	34.4298887538888
731.683288574219	124.141858814516	34.3926046705039
732.256958007813	124.29293299631	33.5921283346735
732.830627441406	124.356364161937	34.9711489574813
733.404296875	122.215531988073	32.5265806329862
733.977966308594	115.269616941009	35.267927450158
734.551635742188	112.745921747528	30.5286004388314
735.125305175781	103.857286594907	25.4736273300295
735.698974609375	108.031556240867	31.1199499818544
736.272644042969	104.795047999601	33.0825562892635
736.846313476563	108.010444586854	21.8337974966649
737.419982910156	106.446428030673	26.1542135800234
737.99365234375	112.166573249499	35.8827572474508
738.567321777344	110.91671916849	39.0475301844701
739.140991210938	112.52940482112	33.0184881315383
739.714660644531	118.252908898797	41.3510504961072
740.288330078125	116.165447694088	30.5352231247919
740.861999511719	121.01393889552	27.8327495505796
741.435668945313	120.602066033822	29.783665651358
742.009338378906	119.728535506547	36.8362861521078
742.5830078125	123.367447758057	34.8082790918252
743.156677246094	95.2139514734747	29.736888621267
743.730346679688	98.1172720285952	32.5696360099591
744.304016113281	105.163199649937	27.6208413429662
744.877685546875	102.728514911493	19.4811601542097
745.451354980469	76.6323695706314	26.5326306578469
746.025024414063	103.421734969021	31.9171936240581
746.598693847656	88.4077920193063	46.5101312231794
747.17236328125	86.9176108000604	30.1279532397814
747.746032714844	105.340323488313	18.9713986526252
748.319702148438	104.111031470665	21.4179686415637
748.893371582031	105.119420102452	36.4475990999644
749.467041015625	104.248581879788	20.4672093139909
750.040710449219	104.922462217391	35.2491685524142
750.614379882813	119.457537935409	32.6611012016736
751.188049316406	101.262834613853	28.2410426859615
751.761657714844	105.196404161195	28.7877624281518
752.335327148438	107.152705912356	29.0860279032655
752.908996582031	88.2810778274183	36.8401483375756
753.482666015625	109.3201731398	19.900251527755
754.056335449219	102.992893851056	23.8699137597847
754.630004882813	104.114529122296	17.9345300775961
755.203674316406	110.66385165821	33.5799352945982
755.77734375	81.8301975590971	60.9028780277308
756.351013183594	103.048717512399	22.5696076178548
756.924682617188	104.744164957433	27.9547770252334
757.498352050781	108.440380182867	26.3523359304754
758.072021484375	91.6484331163549	32.1991930005358
758.645690917969	106.535531690323	40.2364789975903
759.219360351563	87.9536592083983	15.3796770964889
759.793029785156	109.0688104883	30.8422899223018
760.36669921875	105.723135083042	29.638379150681
760.940368652344	121.802108129381	33.4236650857482
761.514038085938	105.275074132995	52.2333289256391
762.087707519531	120.258172604032	40.2596433335367
762.661376953125	149.274955059772	35.2613517536824
763.235046386719	195.015856612928	42.996826868123
763.808715820313	239.664021095426	67.0277475910654
764.382385253906	201.366778049565	41.708403382895
764.9560546875	165.942360483106	43.4528111651321
765.529724121094	145.459633542248	41.4328698921928
766.103393554688	118.786602409754	27.929226718347
766.677062988281	121.668338469192	32.2971054985529
767.250732421875	105.36555587154	37.8614719510772
767.824401855469	104.587158049279	24.807231188332
768.398071289063	94.5865734231495	16.7549849871097
768.971740722656	97.5620815361706	35.0018366613373
769.54541015625	103.783074271439	29.1304591057985
770.119079589844	100.210538108082	28.5283698612508
770.692749023438	97.3332150306394	28.4369241410879
771.266418457031	85.8279041476037	30.2512487124005
771.840087890625	79.9757864651108	43.9776236392606
772.413757324219	86.5243881156984	28.6833476674152
772.987426757813	95.0152545007443	30.1786448313119
773.561096191406	93.105757514913	32.5533832236836
774.134765625	89.2544014986895	31.6425194195554
774.708435058594	86.0391445569708	30.1425890446876
775.282104492188	84.3449785490234	25.7922583656153
775.855773925781	88.8573460490439	17.855477191011
776.429443359375	97.4022948283212	17.2455333309422
777.003112792969	88.7856918033888	21.7871832841095
777.576782226563	74.6390117644297	28.2281576095273
778.150451660156	71.822842934599	31.5400090322214
778.72412109375	90.9422941973241	24.0867947193272
779.297790527344	93.9547072432682	25.3871280872458
779.871459960938	90.4102557385706	19.2252078111731
780.445129394531	91.7780631760622	23.2582079164366
781.018798828125	94.1805040505511	31.7034147790554
781.592468261719	83.9049298281531	17.6177066849075
782.166137695313	89.1080321683936	9.46509761616776
782.73974609375	98.1068315437868	23.6345968285368
783.313415527344	92.3936102867668	36.7696905325377
783.887084960938	91.2451860345629	28.2003237669589
784.460754394531	86.7891566334853	31.4272736290449
785.034423828125	89.1711137275896	47.5180367853996
785.608093261719	90.7084640947623	33.0305629265072
786.181762695313	82.7139224101972	24.4331043373943
786.755432128906	94.0717198864795	28.1633040092187
787.3291015625	94.283344331828	21.2825577518008
787.902770996094	107.809190792802	24.0268372209545
788.476440429688	103.339280533732	39.0442869064799
789.050109863281	109.388348163379	44.2757775245673
789.623779296875	110.73683322721	29.8351403421609
790.197448730469	116.156217375726	40.0545332083988
790.771118164063	96.0071637757717	28.5897610870915
791.344787597656	96.6768103266158	26.5489270400224
791.91845703125	99.5766027051633	43.477853687766
792.492126464844	123.060637015942	23.2209534180836
793.065795898438	107.281000948658	55.8134051917219
793.639465332031	86.8010717476538	27.2408384112005
794.213134765625	95.9869934924779	25.5582526087168
794.786804199219	95.5839110209442	42.6953303054702
795.360473632813	89.129396584431	33.1875191123452
795.934143066406	116.394626964384	46.379414285982
796.5078125	128.342652044992	34.4462446211979
797.081481933594	103.267488478989	31.6286259285496
797.655151367188	104.40487156737	31.6733243332678
798.228820800781	108.515440751723	25.6159032265693
798.802490234375	106.081474409361	18.7118914857458
799.376159667969	117.13582949379	11.2570696780845
799.949829101563	116.887099327767	24.3135312122721
800.523498535156	105.789562324299	25.8495324738378
801.09716796875	107.544028920177	32.6829708671912
801.670837402344	98.1754507956905	46.8336516226999
802.244506835938	105.097384948495	23.621092208518
802.818176269531	102.896681974776	27.0843394184803
803.391845703125	105.473879455169	22.4301596072492
803.965515136719	99.6562366887799	27.6187016644045
804.539184570313	107.188011854233	23.8204200422555
805.112854003906	98.5663627084553	32.7997433491206
805.6865234375	108.843904587263	23.2995028252839
806.260192871094	86.2457513095584	26.5909468497985
806.833862304688	111.085009068787	26.5972602424026
807.407531738281	102.08424675102	23.6310127028055
807.981201171875	98.6420823939311	57.1229761114465
808.554870605469	116.466370695925	55.1224844890587
809.128540039063	121.162505125234	48.2934687261655
809.702209472656	116.787076644967	23.1726681455872
810.27587890625	110.3628003914	20.9851448656214
810.849548339844	113.44537184205	36.7540367856176
811.423217773438	127.850554690941	36.3471808882459
811.996887207031	112.697162679914	39.6590482217887
812.570556640625	112.508774359548	45.1440622163678
813.144226074219	113.345975521255	50.4467354950989
813.717834472656	113.296126505676	35.6568549385539
814.29150390625	119.296486560068	14.6280009054209
814.865173339844	113.851121844307	22.2979147877396
815.438842773438	114.522284980024	41.1323628394365
816.012512207031	98.1475130401933	24.2361204489847
816.586181640625	112.436913431435	39.0961808153415
817.159851074219	140.933107564687	61.0008357269454
817.733520507813	169.48979028892	48.8482258434901
818.307189941406	175.351154976132	42.0076259087632
818.880859375	176.563141801322	58.0746352018369
819.454528808594	204.427171457124	63.1185399389312
820.028198242188	250.945558496191	34.9910481911449
820.601867675781	314.226442226956	74.462170050694
821.175537109375	441.381683830225	105.798544676152
821.749206542969	645.894913148043	101.108642471093
822.322875976563	964.939253302948	124.213042983807
822.896545410156	1004.46603308814	172.417141392648
823.47021484375	852.735895501946	189.10424895778
824.043884277344	666.800157630029	175.930997052857
824.617553710938	507.868771323386	156.347621912119
825.191223144531	443.501369224055	122.227157469425
825.764892578125	425.44200480556	93.8842319975322
826.338562011719	466.496517614428	78.301511557887
826.912231445313	587.166337663157	104.220128989029
827.485900878906	619.879287063369	88.5515381989683
828.0595703125	536.072617496639	94.59677787726
828.633239746094	366.587150412117	84.784098735285
829.206909179688	299.279494495092	55.1888501610973
829.780578613281	233.80979248228	94.7737691335706
830.354248046875	231.469597589304	52.9488526347468
830.927917480469	222.820542586234	25.2152360183054
831.501586914063	178.162969412831	28.2140948034879
832.075256347656	206.859812059113	115.015376364649
832.64892578125	262.505010820766	61.1086311305826
833.222595214844	319.794481640829	68.4689841545378
833.796264648438	385.978443838542	58.6891066003817
834.369934082031	401.208430840944	49.5041942024057
834.943603515625	332.013103053122	93.346980663752
835.517272949219	278.811848840568	83.1080507700462
836.090942382813	220.190001884524	87.9289545501593
836.664611816406	209.014738018457	43.1839387067016
837.23828125	191.981469796914	43.4941641977993
837.811950683594	164.598489732978	75.0930041040061
838.385620117188	173.945527804938	87.806759306826
838.959289550781	193.152167848284	38.7835174055851
839.532958984375	231.785290659402	31.6752013155821
840.106628417969	227.021753506115	64.2538201329861
840.680297851563	217.656211329344	71.1626588450382
841.253967285156	205.208350808531	54.0718252268476
841.82763671875	166.148202076486	65.4226800698155
842.401306152344	155.130149187267	59.6057514642328
842.974975585938	146.612900492059	35.3195263221284
843.548645019531	144.188338895892	34.3437593747027
844.122314453125	110.614453070099	69.6862644278381
844.695922851563	94.3265379939512	66.8737460210747
845.269592285156	80.4432326139472	65.2240091156029
845.84326171875	101.12951966303	42.2022645811826
846.416931152344	108.056316192829	19.5431436280983
846.990600585938	86.0308703884194	27.5963277752333
847.564270019531	107.888436892166	13.1366512922847
848.137939453125	129.397551668258	44.0929167804275
848.711608886719	119.69449212075	43.645541520472
849.285278320313	131.655541137329	39.0949896003524
849.858947753906	113.282798671313	13.0036891338097
850.4326171875	86.0783403494248	25.9805735901604
851.006286621094	118.995834734964	30.6084142339931
851.579956054688	126.692904289839	57.4028522052415
852.153625488281	144.156397089892	52.4057172297783
852.727294921875	153.306185743128	61.1574863957373
853.300964355469	129.233282068815	30.0956597439356
853.874633789063	114.638649570686	61.1461462831099
854.448303222656	122.388507133608	40.5599554529135
855.02197265625	98.5046191354545	56.4114531840747
855.595642089844	110.287926863759	48.9297996149755
856.169311523438	143.025440563937	21.0189349406937
856.742980957031	141.676036019046	58.4110550912806
857.316650390625	77.5212941611327	82.2665238784133
857.890319824219	104.291619000526	25.640688435105
858.463989257813	133.083447571323	28.5295473035179
859.037658691406	99.9196443380202	45.2344934080473
859.611328125	81.9099092197921	45.4719923025584
860.184997558594	100.385325841183	25.3725924606025
860.758666992188	121.97787515949	40.9680782188551
861.332336425781	115.263707804619	23.7814906529718
861.906005859375	104.625960018349	27.352953040523
862.479675292969	113.64748115619	29.751052696965
863.053344726563	112.080259867587	22.4779678433811
863.627014160156	102.883368587479	19.6497549247202
864.20068359375	146.472523447068	27.7830714307026
864.774353027344	142.319592085736	28.2628046206987
865.348022460938	125.19333682498	27.9498038774147
865.921691894531	141.547910430766	41.9336085570788
866.495361328125	167.277357949682	54.8271639429914
867.069030761719	177.280527790992	17.451683064346
867.642700195313	165.341682921326	36.1660413374379
868.216369628906	168.400720574649	33.1337944809043
868.7900390625	144.539112704663	28.5601243901358
869.363708496094	160.05649725286	28.882311091052
869.937377929688	160.886739183743	38.4594723238709
870.511047363281	158.320861622891	70.3359270212372
871.084716796875	173.297627690766	41.3549917026628
871.658386230469	192.986405425189	41.5696726344288
872.232055664063	167.036502190693	38.0958249869026
872.805725097656	148.031051177428	25.641740436432
873.37939453125	170.007123859413	33.0715317730073
873.953063964844	162.675639196262	48.9822588254
874.526733398438	133.936494259118	102.726334754289
875.100402832031	183.767248080397	58.0906964653053
875.674011230469	168.034836894341	40.6671423890048
876.247680664063	176.226759723033	81.3095047262584
876.821350097656	194.572718256081	70.8321632340528
877.39501953125	200.497787466616	31.0282231831141
877.968688964844	222.377197143246	66.8862104253382
878.542358398438	274.359465178707	72.6950454352017
879.116027832031	330.293125870134	84.3750585181162
879.689697265625	495.64891582653	86.2670499524611
880.263366699219	642.172758842501	99.6179790707598
880.837036132813	829.676793692767	117.284574905987
881.410705566406	943.33453624376	117.971254455678
881.984375	896.94793228139	141.222645878569
882.558044433594	831.842943080102	131.561009483075
883.131713867188	710.909289317523	119.398475851306
883.705383300781	594.334752312748	98.6688536926252
884.279052734375	501.263228595078	85.8057090231781
884.852722167969	420.738722900308	79.3586704400242
885.426391601563	391.475194907736	82.8546286770543
886.000061035156	368.080034947674	74.0345423530511
886.57373046875	351.598590529484	77.7781958655867
887.147399902344	323.504301919173	62.2357856015489
887.721069335938	283.419790642794	72.768759672424
888.294738769531	269.009879181348	46.6146693613734
888.868408203125	226.0611467118	33.5616017821362
889.442077636719	213.340914070302	81.2679682116857
890.015747070313	243.238663867524	78.7010548758082
890.589416503906	243.831155383426	71.1436463679346
891.1630859375	252.263600431731	81.4382629604697
891.736755371094	252.772992660593	79.2610001926177
892.310424804688	257.839701432664	88.6491212999881
892.884094238281	330.633295773564	76.2869211034156
893.457763671875	402.909696994491	73.4464192463433
894.031433105469	519.697238675013	99.2469479216896
894.605102539063	593.992340925178	128.749634635388
895.178771972656	622.330330303088	120.359408848589
895.75244140625	515.744958338718	101.435664491566
896.326110839844	428.421498913547	105.284129402661
896.899780273438	365.511677191918	107.697463871938
897.473449707031	336.742416680468	101.040765229087
898.047119140625	326.318152209063	75.9182508813745
898.620788574219	296.11297537684	132.527439149628
899.194458007813	291.370098396832	81.8666208616078
899.768127441406	293.034917222276	73.8440874649806
900.341796875	285.965758944504	72.7319965232529
900.915466308594	264.580824062587	91.0642104468851
901.489135742188	264.426167538728	51.0374357668637
902.062805175781	312.942139545974	75.9151781152851
902.636474609375	389.571014668323	79.6968735647835
903.210144042969	524.466519044973	115.736555405124
903.783813476563	709.566092659001	142.019380278857
904.357482910156	733.270892249867	111.479024523735
904.93115234375	579.041463872456	110.80632812519
905.504821777344	445.726423307314	100.257531194869
906.078491210938	356.485840447558	71.4111203240807
906.652099609375	300.021620108778	66.7763062380538
907.225769042969	260.343266879507	78.1154978027932
907.799438476563	238.843037157359	82.8123096380736
908.373107910156	223.646257220119	73.2903581732526
908.94677734375	212.790704195791	55.564998419445
909.520446777344	176.2574844733	85.2910341208365
910.094116210938	203.037962793391	70.8810164617374
910.667785644531	230.339516022565	67.0579655602929
911.241455078125	224.463281832827	46.7639029274383
911.815124511719	217.085359613348	76.496790223332
912.388793945313	274.633942772195	74.6695278749286
912.962463378906	259.739390413325	77.5777602331125
913.5361328125	375.125777073623	84.9000338374806
914.109802246094	458.46100425528	107.174506597489
914.683471679688	646.320460256377	90.6533386459731
915.257141113281	782.403340207875	122.15313774857
915.830810546875	828.453393023486	158.857896086064
916.404479980469	767.465562924662	148.912363514034
916.978149414063	645.671181240606	143.708728969302
917.551818847656	594.17147446029	101.82622612894
918.12548828125	492.354985816965	105.862943480015
918.699157714844	400.699322488965	62.3980024618306
919.272827148438	388.413303671767	69.3213353970266
919.846496582031	322.273950297047	91.9610937261445
920.420166015625	317.681722645476	93.1862099752594
920.993835449219	338.291929937395	99.327026148248
921.567504882813	306.91541923523	104.423228238685
922.141174316406	273.192452390268	79.1962499025523
922.71484375	282.134461985359	73.5037125798753
923.288513183594	289.288185583593	68.5984623606784
923.862182617188	255.111779700481	64.3851180961105
924.435852050781	231.188798296263	56.3923699718413
925.009521484375	241.330374199173	79.0396430420927
925.583190917969	228.233916631818	97.0695801334768
926.156860351563	234.609666266302	60.6416495059825
926.730529785156	250.587982702732	59.4750980245754
927.30419921875	241.890803111118	93.2943980226761
927.877868652344	236.31939415858	71.8177528117968
928.451538085938	217.255464275137	92.2525880190253
929.025207519531	238.996825196306	93.3690448393313
929.598876953125	264.354822168886	85.3643322304951
930.172546386719	233.378721269708	53.3467369258327
930.746215820313	266.3913727492	25.2539007106021
931.319885253906	258.532557985239	85.3171685895834
931.8935546875	236.551811292646	80.8949096432656
932.467224121094	247.756598048995	70.1342263500464
933.040893554688	256.878216191579	51.574244697972
933.614562988281	297.024857214049	62.7121875569121
934.188232421875	309.89143547778	59.0866356955941
934.761901855469	330.47091037583	103.885920561797
935.335571289063	340.025405588944	72.5022422289853
935.909240722656	347.27714410222	68.5704261047638
936.48291015625	379.359090076609	100.661129019438
937.056518554688	402.948332157518	105.26512429624
937.630187988281	410.483483981637	104.064464338817
938.203857421875	403.36403195803	108.842105531021
938.777526855469	372.052096777058	88.8401437328439
939.351196289063	365.271762318401	79.9077993859661
939.924865722656	341.414744731239	81.3409626800559
940.49853515625	313.079025741842	78.1544364821773
941.072204589844	305.749597671536	104.520476393621
941.645874023438	315.392146848125	110.075115380181
942.219543457031	330.397291649144	88.6670844111278
942.793212890625	294.074504204734	94.5018804463268
943.366882324219	287.95929624426	102.15566632956
943.940551757813	291.111679545376	97.9259887536786
944.514221191406	305.252111373635	83.9529001784038
945.087890625	296.477433495489	56.9022770189384
945.661560058594	355.65021752339	121.477455423157
946.235229492188	390.613737857152	107.130036214751
946.808898925781	323.838210967591	131.867454869767
947.382568359375	387.986496343876	78.4507958713674
947.956237792969	322.188021215983	83.6759613200995
948.529907226563	342.380483875146	49.1399779255301
949.103576660156	361.551768426057	61.4842661038218
949.67724609375	366.147711984037	87.3110584107907
950.250915527344	360.228431580448	101.334905630451
950.824584960938	312.529278336718	102.023422083889
951.398254394531	315.639574133899	88.0038183010604
951.971923828125	328.534864494072	90.5898508931255
952.545593261719	325.604146155268	99.5964613372637
953.119262695313	305.262999651206	83.6003778936607
953.692932128906	235.44805414436	98.3749077254227
954.2666015625	237.028815120711	84.3841557668072
954.840270996094	240.028800134656	58.2546188923961
955.413940429688	240.469324835105	75.9520958022892
955.987609863281	239.139584535423	88.955558100783
956.561279296875	220.927302802701	56.6200309754913
957.134948730469	230.513060286212	66.2204794270429
957.708618164063	243.805180754573	55.8898011519971
958.282287597656	228.803836423408	62.8100337242943
958.85595703125	229.11521583734	47.2636910883943
959.429626464844	301.981805963649	75.1787083799248
960.003295898438	190.809130376058	51.6812392870112
960.576965332031	276.510269785943	69.1214037696539
961.150634765625	284.529616131798	52.0088426231146
961.724304199219	221.087118954788	54.6047476893994
962.297973632813	219.652214665169	110.988383459942
962.871643066406	247.231872667197	93.8227999108843
963.4453125	248.806928927954	53.4721699827041
964.018981933594	236.514279791592	40.6654879249678
964.592651367188	253.538856958766	98.3005700192992
965.166320800781	247.432073912431	79.341566918851
965.739990234375	238.957292169937	79.7825351501769
966.313659667969	237.038692839272	79.2254188633614
966.887329101563	271.820391143222	74.4855692989255
967.460998535156	240.880548175975	93.2954224513316
968.034606933594	250.562150128319	100.917595390768
968.608276367188	264.08133724656	98.4226427793963
969.181945800781	270.574906611063	88.379781306313
969.755615234375	275.17797382117	62.1547370629665
970.329284667969	258.180546331755	97.7880961834813
970.902954101563	243.699706814285	74.8694880666905
971.476623535156	269.640404705983	78.5732619259149
972.05029296875	269.849475048314	78.2678782420178
972.623962402344	279.510826345372	91.9533886979151
973.197631835938	288.660033034836	108.279084306202
973.771301269531	268.710709560613	38.6083163373782
974.344970703125	221.880458155299	104.697714359552
974.918640136719	245.634984543503	86.1958155012216
975.492309570313	268.699228583477	101.665211131712
976.065979003906	313.521710530601	124.658559881594
976.6396484375	297.666880851786	95.0716295331854
977.213317871094	320.215484792456	86.9031718522779
977.786987304688	380.901136264116	107.446396911067
978.360656738281	477.052627213613	102.438461994071
978.934326171875	538.611282633961	73.0664571441444
979.507995605469	591.933272089281	78.5050201162481
980.081665039063	537.928435938435	62.8397462480328
980.655334472656	433.980504913882	93.2066361446365
981.22900390625	400.506271777518	99.9565325549272
981.802673339844	373.907320012346	95.3117741709237
982.376342773438	341.93097077242	82.6066434185505
982.950012207031	351.627169411505	93.2233467420546
983.523681640625	344.522047201653	135.639834205722
984.097351074219	308.501580985684	105.474747653765
984.671020507813	297.380789034191	100.432339118857
985.244689941406	286.590812546273	86.7445994397381
985.818359375	146.056291301425	72.2455936258527
986.392028808594	224.395543654279	49.5864258609706
986.965698242188	243.452069111737	91.0379397401918
987.539367675781	208.241508818804	66.7845554590932
988.113037109375	270.695363228307	55.9966627186423
988.686706542969	256.857712061669	82.0033432658357
989.260375976563	363.550232899306	93.7667299597704
989.834045410156	344.053136206919	80.4856994944417
990.40771484375	340.96713234742	72.123794849765
990.981384277344	482.91328137319	75.0128921016246
991.555053710938	501.706331554241	77.1177472089489
992.128723144531	475.704201471514	133.040032179292
992.702392578125	510.932912664549	103.75675670831
993.276062011719	455.347612248109	66.014431973991
993.849731445313	353.177460072468	52.6567451272395
994.423400878906	319.238781718721	81.4743798626508
994.9970703125	312.450210473114	86.5133989342282
995.570739746094	330.336229485384	84.2911019328958
996.144409179688	273.183949902206	66.7404276229995
996.718078613281	263.660073605776	58.1283244133012
997.291748046875	305.199161609388	67.1226461582201
997.865417480469	270.157702580542	57.4348824307074
998.439086914063	171.874493155697	75.0435576299943
999.0126953125	286.365849618943	115.165794680007
999.586364746094	172.545876700386	80.229760480577
1000.16003417968	221.110314498444	106.10803703714
1000.73370361328	263.197725030276	115.20738241625
1001.30737304687	197.043345935586	78.4436322027767
1001.88104248046	266.851830529245	138.131497063554
1002.45471191406	190.865169379806	65.4291203732846
1003.02838134765	220.518730673779	22.1493819700753
1003.60205078125	243.519957033886	42.9212696244245
1004.17572021484	252.704868558518	31.1688285287875
1004.74938964843	250.473549160444	52.9417778683526
1005.32305908203	222.223753153336	107.353491636421
1005.89672851562	234.43172594262	107.442968954812
1006.47039794921	208.263045254618	113.821401431152
1007.04406738281	227.377175126081	40.5175227044612
1007.6177368164	268.655088740426	50.9624776316115
1008.19140625	192.345378218001	90.9886135063962
1008.76507568359	220.130678183717	82.7505251577713
1009.33874511718	275.938065224088	77.1280521112919
1009.91241455078	263.229822494668	79.8632938695984
1010.48608398437	288.033935285081	36.0574196977402
1011.05975341796	263.279813860967	59.9045356285902
1011.63342285156	248.106486062213	82.8589090135612
1012.20709228515	369.210153315225	41.4535908518605
1012.78076171875	300.8147754092	77.5450150007983
1013.35443115234	243.241669780977	79.9251807102869
1013.92810058593	293.033601114823	56.9080091658689
1014.50177001953	294.144654684489	73.1262864957905
1015.07543945312	258.757518016346	101.937738739622
1015.64910888671	262.846643275045	92.8861534951341
1016.22277832031	292.610849745273	50.130017793755
1016.7964477539	259.752563581812	35.7207952641515
1017.3701171875	212.336897048675	35.4488475971602
1017.94378662109	270.378160823916	67.4526001940106
1018.51745605468	268.495774476813	68.8824654620807
1019.09112548828	234.535733609196	67.5835761897047
1019.66479492187	121.331007851293	43.9858047430908
1020.23846435546	196.361431847621	64.1947039196815
1020.81213378906	199.228321350019	105.301625843753
1021.38580322265	209.28284332752	61.6578812327835
1021.95947265625	247.15506075949	80.7197961226924
1022.53314208984	221.734179380794	96.635295408559
1023.10681152343	236.128960623762	49.5224201951767
1023.68048095703	183.852285231538	84.5217716844472
1024.25415039063	284.85678107854	129.530109855363
1024.82775878906	252.048552975197	72.5179781006699
1025.40148925781	300.589436858338	110.530230460595
1025.97509765625	371.59397877433	144.403587373887
1026.548828125	273.184927826234	57.3689517649515
1027.12243652344	253.14137540605	22.586392680044
1027.69616699219	207.680063154379	73.6799071160992
1028.26977539063	243.352958090873	52.3710858877517
1028.84350585938	242.590995092384	52.304231945577
1029.41711425781	269.369856662748	54.3655111658733
1029.99084472656	258.320220682022	24.8541133929049
1030.564453125	283.855544139635	65.5377934295986
1031.13818359375	242.533599276441	37.6803720918525
1031.71179199219	216.36044926313	135.062031274077
1032.28552246094	190.871817971046	109.242372194478
1032.85913085938	232.330997875838	72.0162943988476
1033.43286132813	254.297612287509	75.2424597221552
1034.00646972656	284.073930654846	132.960542764442
1034.58020019531	203.90263388262	82.9682106733487
1035.15380859375	255.458734383873	72.4606846305769
1035.7275390625	286.536914019519	45.7309741258638
1036.30114746094	287.173836284418	108.415918853836
1036.87487792969	207.138052124843	58.1983343877619
1037.44848632813	226.039830136632	118.921688445386
1038.02221679688	217.327179528048	69.9254327111681
1038.59582519531	206.258466979143	74.6655696541258
1039.16955566406	245.601855883745	77.9698637966414
1039.7431640625	235.44099845442	71.9066493047447
1040.31689453125	160.021964195263	108.835812580685
1040.89050292969	162.719772793323	94.6562670421169
1041.46423339844	222.042282363925	107.675962222996
1042.03784179688	264.393903516004	87.8339703980674
1042.61157226563	248.282137406693	74.5474949692387
1043.18518066406	220.051472259892	72.4952506324584
1043.75891113281	294.427821685888	105.242619111906
1044.33251953125	262.574514428134	41.1787903897577
1044.90625	248.900268339434	76.410253307018
1045.47985839844	261.303143325427	83.5253186125836
1046.05346679688	228.992431665586	149.907003600095
1046.62719726563	242.918903524446	88.7358940436003
1047.20080566406	243.002956159227	37.1932120893524
1047.77453613281	304.209695642326	85.4017012622382
1048.34814453125	188.514817021246	67.0164981121049
1048.921875	210.939808550499	42.2769278508986
1049.49548339844	283.823570940576	77.7583279325374
1050.06921386719	290.780389483822	120.585284879007
1050.64282226563	301.007602311557	101.782925752208
1051.21655273438	321.283544962108	88.8768761825809
1051.79016113281	355.623541661937	46.6242556437911
1052.36389160156	290.583624171322	105.736753287343
1052.9375	208.249344793147	88.9003413095804
1053.51123046875	233.2962781159	99.1668259966472
1054.08483886719	226.718344506999	48.7997363752951
1054.65856933594	296.266725199311	73.0296393714037
1055.23217773438	210.742220552669	199.254378529735
1055.80590820313	200.97638912095	52.2555676416657
1056.37951660156	283.829187295877	77.3680941637122
1056.95324707031	318.508776917473	97.6809849280618
1057.52685546875	299.456173780153	83.8580228471644
1058.1005859375	287.416259310004	111.063240830801
1058.67419433594	269.661427193444	128.69031748338
1059.24792480469	237.948996504617	12.3896422092523
1059.82153320313	193.319949492558	66.08198379535
1060.39526367188	246.603460713544	84.8661210118267
1060.96887207031	241.211106994852	77.5555887989215
1061.54260253906	299.800201153587	66.1031041955651
1062.1162109375	260.60006799377	38.9092231267918
1062.68994140625	257.904903564144	73.3545842143532
1063.26354980469	262.952007619036	123.131896442955
1063.83728027344	250.396987628703	110.630983402557
1064.41088867188	411.27950239643	95.7305028169264
1064.98461914063	240.302255589839	70.4714484541104
1065.55822753906	255.504388657379	110.470667032945
1066.13195800781	180.700831375057	65.2350458333224
1066.70556640625	251.317750775913	77.0694685533684
1067.279296875	297.168020726756	142.040332849596
1067.85290527344	247.05981219885	89.7355722399054
1068.42663574219	225.505348484813	111.264687032723
1069.00024414063	266.996759426368	133.501887543642
1069.57397460938	247.297137058712	76.9708053387022
1070.14758300781	260.306489849834	86.8075120541618
1070.72131347656	241.911386413647	130.103399860713
1071.294921875	190.653766510493	62.9612836600751
1071.86865234375	252.547073511015	33.2221590819857
1072.44226074219	229.825593930852	47.9246156583419
1073.01599121094	243.556382306723	57.5124523656307
1073.58959960938	282.84265347062	82.0044478253508
1074.16333007813	271.393321219549	60.2867145922738
1074.73693847656	280.117402423181	128.701092473793
1075.31066894531	201.558500934618	142.814614442733
1075.88427734375	238.841005204903	64.5439831793182
1076.45788574219	240.70087293473	126.459858421687
1077.03161621094	343.702681816173	149.996458490769
1077.60522460938	252.096783479957	88.4040114165214
1078.17895507813	239.413411365761	83.0909712851543
1078.75256347656	250.959958461464	90.5425283986794
1079.32629394531	189.113756235856	105.806827311619
1079.89990234375	216.716018532184	77.5977847126579
1080.4736328125	237.202567291939	92.7095290043782
1081.04724121094	266.906832329511	66.3961565912403
1081.62097167969	252.767594661971	64.5548413902436
1082.19458007813	284.820050744101	67.7065629871461
1082.76831054688	239.087469239414	84.0380624762933
1083.34191894531	302.327894120466	92.7694845767342
1083.91564941406	233.558405036668	40.7473015615025
1084.4892578125	265.104622239874	181.936997113128
1085.06298828125	209.333296148404	97.2794120372147
1085.63659667969	185.342571802713	78.0429726258223
1086.21032714844	230.793814882533	40.0734181091904
1086.78393554688	263.789231354514	66.1584804131009
1087.35766601563	259.645884264859	84.4498995745728
1087.93127441406	230.54286362263	60.7019576953617
1088.50500488281	202.484416171897	79.646659682614
1089.07861328125	209.848952941118	60.0239275316748
1089.65234375	254.884959117652	57.3166400286207
1090.22595214844	266.059117913603	60.8005926901161
1090.79968261719	238.857745333352	50.7387438882793
1091.37329101563	232.933629113299	66.0818434894014
1091.94702148438	216.986306447695	72.9703959477471
1092.52062988281	219.120337073195	114.897582437143
1093.09436035156	254.108007821871	93.6534185525125
1093.66796875	289.154419814543	77.1418555446343
1094.24169921875	144.890124170876	67.0427987911405
1094.81530761719	271.207026989279	114.066945842305
1095.38903808594	299.824258209199	73.6926054652729
1095.96264648438	247.653196540594	56.1899459343733
1096.53637695313	297.52854087476	41.571713980633
1097.10998535156	272.40845559103	65.1761271389718
1097.68371582031	227.489284588278	63.0943696502163
1098.25732421875	233.199588398162	94.9449785431276
1098.8310546875	274.704724442636	90.9819528725841
1099.40466308594	279.30175070171	60.4465990708575
1099.97839355469	275.200620123712	61.9633088115261
1100.55200195313	229.686846684627	36.4695447152015
1101.12573242188	254.818457158547	70.1060119393054
1101.69934082031	260.289497636437	67.5014795625274
1102.27307128906	263.452092107327	76.4083986509171
1102.8466796875	274.697010076892	78.6606089436562
##END=	--	--
